1.20000000000000
1.14147531250000
1.08580490753914
1.03284958012273
0.982476914363407
0.934560952372505
0.888981879299752
0.845625723733768
0.804384072714202
0.765153800642888
0.727836811416170
0.692339793133563
0.658573984769433
0.626454954224216
0.595902387200216
0.566839886374053
0.539194780363572
0.512897942011564
0.487883615531881
0.464089252085736
0.441455353377048
0.419925322875719
0.399445324296854
0.379964146982013
0.361433077845908
0.343805779568329
0.327038174726720
0.311088335579677
0.295916379225764
0.281484367875498
0.267756213987124
0.254697590028974
0.242275842642767
0.230459910993211
0.219220249099748
0.208528751956219
0.198358685253717
0.188684618530896
0.179482361584582
0.170728903981665
0.162402357521045
0.154481901501726
0.146947730660231
0.139781005647128
0.132963805918849
0.126479084927007
0.120310627493141
0.114443009262337
0.108861558134305
0.103552317575494
0.0985020117204885
0.0936980121754361
0.0891283064404873
0.0847814678722925
0.0806466271114448
0.0767134449034229
0.0729720862450718
0.0694131957919752
0.0660278744652238
0.0628076571990851
0.0597444917739321
0.0802438872571738
0.108641728260405
0.145645394871444
0.190682546710934
0.241822579160410
0.296308965885538
0.351348195159515
0.404681708786945
0.454775891087914
0.500747022074201
0.542190258384049
0.579014380823504
0.611317076325975
0.639301454884582
0.663223870572628
0.683362723401089
0.700000436881276
0.713413405627561
0.723866652293953
0.731611220971475
0.736883137301207
0.739903250370667
0.740877558720082
0.739997791122785
0.737442110786546
0.733375868403023
0.727952362269711
0.721313582597461
0.713590927958335
0.704905888022218
0.695370690243025
0.685088910123122
0.674156045764196
0.662660057982907
0.650681877548720
0.638295881215287
0.625570338238035
0.612567829040992
0.599345637639184
0.585956119352889
0.572447045274374
0.558861924870802
0.545240308031273
0.531618067792613
0.518027664908324
0.504498395358214
0.491056621832816
0.477725990166647
0.464527631637616
0.451480351996306
0.438600808038249
0.425903672484625
0.413401787891774
0.401106310267471
0.389026843031885
0.377171561923420
0.365547331414026
0.354159813165073
0.343013567023253
0.332112145026196
0.323741926149784
0.318549885591720
0.317220443808965
0.320348813938150
0.328312854078202
0.341203013350066
0.358832270045794
0.380800282944097
0.406571016362732
0.435537385094406
0.467065984167664
0.500526438294650
0.535312560350838
0.570860142431138
0.606662594250270
0.642283148060630
0.677361740456422
0.711615541699058
0.744833504656084
0.776866445320716
0.807614678958483
0.837015155405437
0.865029596570724
0.891634581686395
0.916814013291478
0.940554001654412
0.962839938834937
0.983655378681124
1.00298227099877
1.02080209399429
1.03709746983470
1.05185391779268
1.06506148400408
1.07671607427609
1.08682039692008
1.09538448950022
1.10242585320640
1.10796925080362
1.11204624060904
1.11469452291358
1.11595717040704
1.11588180400452
1.11451976292239
1.11192530505115
1.10815486199410
1.10326636331362
1.09731863680192
1.09037088590214
1.08248224150149
1.07371138287220
1.06411622121305
1.05375363873325
1.04267927626401
1.03094736277560
1.01861058076444
1.00571996214820
0.992324809993121
0.978472642050761
0.964209152677347
0.949578190234438
0.934844476932766
0.920322962751398
0.906380010891921
0.893422173196574
0.881873007972300
0.872144177279945
0.864608878133907
0.859582722343964
0.857312889632955
0.857973632589373
0.861665420771151
0.868415292321955
0.878176481089826
0.890825761364206
0.906157340098510
0.923872919260611
0.943569089617371
0.964725506714022
0.986699804961198
1.00873679036659
1.02999861378343
1.04961824444503
1.06677107498413
1.08075163685450
1.09103831709714
1.09733147440524
1.09955859658640
1.09784993991699
1.09249492451142
1.08389140266041
1.07249767588473
1.05879311512970
1.04324944370789
1.02631215111894
1.00839020833361
0.989851907855998
0.971024838891915
0.952198410798707
0.933627767650747
0.915538305206350
0.898130282184463
0.881583214380950
0.866059868085233
0.851709745611039
0.838671995472277
0.827077694628688
0.817051449389783
0.808712252292014
0.802173521043338
0.797542239013562
0.794917121916564
0.794385760144764
0.796020738520754
0.799874821120868
0.805975409801299
0.814318634392337
0.824863591896049
0.837527390252121
0.852181728424942
0.868651717137698
0.886683312189662
0.905956405366268
0.926107552993904
0.946759737088993
0.967553303989949
0.988170826373195
1.00835029266579
1.02788465932997
1.04660916215704
1.06437953827961
1.08104464300369
1.09641683771276
1.11024397137553
1.12218838051079
1.13182097447219
1.13864072856939
1.14212851200844
1.14183508606988
1.13748587131475
1.12906828195648
1.11686628749058
1.10142835779074
1.08348583110760
1.06385653627223
1.04336419789807
1.02278734876934
1.00283610610968
0.984147584496959
0.967289742296907
0.952765612431945
0.941012716778254
0.932395143598034
0.927188305797248
0.925558949385734
0.927545336207179
0.933043973261700
0.941808899446510
0.953466939023846
0.967548124670624
0.983526309620158
1.00086257372242
1.01904419456568
1.03761420508830
1.05618960146193
1.07446886911531
1.09223103129598
1.10932888608256
1.12567881989183
1.14124895888980
1.15604673295373
1.17010633519847
1.18347611939032
1.19620569333715
1.20833233475625
1.21986639222655
1.23077558808217
1.24096870004942
1.25028006053279
1.25845769566875
1.26515950334184
1.26996631354317
1.27241619075345
1.27205866158552
1.26851863071369
1.26155302394027
1.25108408778345
1.23720227814520
1.22014317636621
1.20025017933562
1.17793536583793
1.15364706494850
1.12784773656864
1.10100207515684
1.07357331955622
1.04602517108694
1.01882683387848
0.992458971126647
0.967418493978569
0.944219906763207
0.923390424762557
0.905455522427296
0.890911660499287
0.880184803353214
0.873577907533906
0.871217285291585
0.873013501655157
0.878652498351165
0.887624268676069
0.899282674047203
0.912918577208810
0.927825678454047
0.943344402551231
0.958879039085226
0.973892043106321
0.987884765367958
1.00037613112333
1.01089060607148
1.01896405957831
1.02417030757237
1.02616282606010
1.02471848779786
1.01976767951597
1.01140007137370
0.999845030536885
0.985434474367733
0.968559606300978
0.949631324081703
0.929049815407354
0.907184731872482
0.884364717487240
0.860874013239125
0.836953830726955
0.812806627139714
0.788601952329316
0.764482999559080
0.740573322288635
0.716983390343571
0.693816785070502
0.671175915773484
0.649167217151180
0.627905663581652
0.607518639161478
0.588149442833117
0.569960949491811
0.553140055116533
0.537903381176893
0.524504247589826
0.513240148088840
0.504458867966457
0.498559943695978
0.495986485954144
0.497201046424890
0.502639607234848
0.512642079872535
0.527367526719438
0.546715740779442
0.570285969651224
0.597397910151306
0.627176896660419
0.658676900934119
0.691000571433176
0.723382833944213
0.755224567640802
0.786081446969605
0.815623098795487
0.843580294769516
0.869696565037720
0.893697317437102
0.915284272269114
0.934155729255261
0.950045420286905
0.962767444927809
0.972254449046386
0.978580587765439
0.981967093319001
0.982773174848460
0.981476971246811
0.978650904090478
0.974934440620098
0.971005942510991
0.967554105641022
0.965248336972553
0.964706447362445
0.966457963007003
0.970902997749462
0.978270215870214
0.988581915725665
1.00163724271351
1.01702317927977
1.03415621521478
1.05234790219662
1.07087981592861
1.08907180949442
1.10633199166239
1.12218429984177
1.13627599984343
1.14837089820471
1.15833459016989
1.16611686264483
1.17173461993907
1.17525711494582
1.17679414730410
1.17648724048292
1.17450351958240
1.17103194316641
1.16628157352460
1.16048160807883
1.15388287637810
1.14676038587855
1.13941623661568
1.13218179644226
1.12541746718509
1.11950784018506
1.11484989352779
1.11183260814347
1.11080825457401
1.11205818173876
1.11575792955542
1.12194662917121
1.13050409235436
1.14113743563983
1.15337916257184
1.16660022382835
1.18004296805390
1.19287808815897
1.20428530505895
1.21354940276756
1.22015350122417
1.22384570982472
1.22465980524218
1.22288564740496
1.21900228062701
1.21359566981736
1.20728060055911
1.20063743334158
1.19416603895784
1.18825488093757
1.18316254696599
1.17900999817262
1.17578247394830
1.17333951789468
1.17143037949136
1.16971129088799
1.16776199937221
1.16510185710795
1.16120986967827
1.15555604293215
1.14764977079463
1.13710266375616
1.12369089113360
1.10739469660612
1.08839859703875
1.06705277041637
1.04381199802322
1.01917306570072
0.993625318222002
0.967619466078374
0.941552746833384
0.915765656112160
0.890545438210340
0.866132692030720
0.842728739625719
0.820502395339119
0.799595401169604
0.780126135632075
0.762191362142346
0.745865849800213
0.731199749752689
0.718213710271774
0.706891924099237
0.697173670879688
0.688944457680480
0.682028507467296
0.676184920875865
0.671110057335277
0.666448261731790
0.661811892689055
0.656809867387428
0.651081989232173
0.644334502218131
0.636370946215188
0.627112076173441
0.616600179042527
0.604986783989245
0.592507281844629
0.579449151629785
0.566120835770433
0.552826126876546
0.539845827928840
0.527425956966466
0.515770557155203
0.505037143757807
0.495333539367531
0.486715859280190
0.479188320335456
0.472706047536274
0.467181944207710
0.462497968969377
0.458520081299302
0.455115136561010
0.452167588171908
0.449594190140542
0.447355812162626
0.445466533584722
0.444000893103579
0.443100241267734
0.442978539160305
0.443926858443844
0.446314560029553
0.450583910733942
0.457233887416479
0.466788405026297
0.479745107549303
0.496504811586664
0.517289833184297
0.542069978994016
0.570521739091729
0.602041469820388
0.635815372088010
0.670926875469918
0.706469490899359
0.741636866973644
0.775776285195401
0.808406690685714
0.839210886596583
0.868013222798624
0.894751805078237
0.919450832144468
0.942195761704629
0.963112105724795
0.982347662515990
1.00005763969234
1.01639215417022
1.03148582133787
1.04544942211011
1.05836385544677
1.07027667892633
1.08120150398120
1.09112038813435
1.09998919351794
1.10774564061121
1.11431942447361
1.11964330126328
1.12366368157209
1.12634924402448
1.12769651669651
1.12773209679404
1.12651186456028
1.12411794649421
1.12065424816697
1.11624121789988
1.11101027371169
1.10509814544174
1.09864130723699
1.09177070104315
1.08460703662737
1.07725703323791
1.06981097935486
1.06234189576544
1.05490640649488
1.04754720967183
1.04029687113384
1.03318259187455
1.02623163448250
1.01947719475898
1.01296460698158
1.00675780890250
1.00094592100198
0.995649599486816
0.991026513532860
0.987274895190732
0.984633657901187
0.983377196634327
0.983802925106982
0.986210205989466
0.990870725740996
0.997992156164449
1.00767825686811
1.01988890261075
1.03440373642967
1.05079512094036
1.06842028259297
1.08644576088753
1.10391349893285
1.11984405524874
1.13335417703821
1.14375597387460
1.15061167335778
1.15373702179303
1.15316489944184
1.14908915795827
1.14180674942103
1.13166920408533
1.11904752388628
1.10430993186228
1.08780976122884
1.06988029209882
1.05083373245328
1.03096223855091
1.01053957827524
0.989822631359519
0.969052364311309
0.948454227891525
0.928238116048243
0.908598103445518
0.889712156351585
0.871741922394284
0.854832598736036
0.839112801357715
0.824694335187686
0.811671797400543
0.800122019762647
0.790103447025262
0.781655629480027
0.774799051181115
0.769535499607555
0.765849101274708
0.763708016043422
0.763066635410072
0.763868009288806
0.766046164149716
0.769527982291544
0.774234373096013
0.780080554877912
0.786975354763032
0.794819510355222
0.803503020650208
0.812901651130484
0.822872752319354
0.833250596761902
0.843841468498216
0.854418759805281
0.864718390532193
0.874435071459656
0.883220441573806
0.890685062479936
0.896407601055117
0.899955715666840
0.900922815257119
0.898981049116460
0.893942687395071
0.885812343841671
0.874808809249511
0.861344325025143
0.845967829877379
0.829293975375135
0.811941126132153
0.794491327787261
0.777473147266001
0.761361236575613
0.746584968379193
0.733539909330872
0.722597858630033
0.714112618818834
0.708419489327848
0.705827031304365
0.706600424116327
0.710937141319419
0.718937870956044
0.730578214395725
0.745688670701314
0.763950335898888
0.784910721653811
0.808018717213074
0.832672160728544
0.858268295922867
0.884247803017854
0.910126362835511
0.935511911001611
0.960109114026658
0.983714375565967
1.00620500197239
1.02752559243578
1.04767383455566
1.06668704303772
1.08463013175798
1.10158527669414
1.11764326689720
1.13289639796670
1.14743269322848
1.16133121446800
1.17465823318752
1.18746407044751
1.19978047853773
1.21161853287233
1.22296712893951
1.23379233418180
1.24403801583595
1.25362832310036
1.26247269240927
1.27047399431125
1.27754017244737
1.28359919174194
1.28861633115616
1.29261192083152
1.29567667805438
1.29798098578977
1.29977393624287
1.30136804482730
1.30310693056394
1.30531697602172
1.30825039321621
1.31203420471139
1.31664247387407
1.32190321195903
1.32753818142637
1.33322124708913
1.33863666372869
1.34352350852500
1.34770116568703
1.35107783449854
1.35364723734947
1.35547872486220
1.35670443221395
1.35750529771823
1.35809622300566
1.35870960246796
1.35957587623714
1.36089966636025
1.36283051772877
1.36542845996920
1.36862678733285
1.37219779827612
1.37573137023225
1.37863942460472
1.38019807105102
1.37963000068448
1.37621336149867
1.36938818615049
1.35882879264205
1.34446420373045
1.32644980021724
1.30510885661889
1.28086588372960
1.25418776142642
1.22554004409574
1.19535914154248
1.16403759174540
1.13191865109839
1.09929678069257
1.06642143320466
1.03350237833276
1.00071546806385
0.968208209581323
0.936104815663533
0.904510585127964
0.873515568812696
0.843197529119396
0.813624223210374
0.784855044327373
0.756942050168394
0.729930396507016
0.703858181896883
0.678755700845816
0.654644109654355
0.631533552655998
0.609420908632131
0.588287527512425
0.568097628295023
0.548798316244640
0.530322211298019
0.512593169571315
0.495534465256865
0.479077545927988
0.463168925482953
0.447773445046859
0.432873616489696
0.418466100295036
0.404556892888898
0.391156545029560
0.378276144512466
0.365924267342828
0.354104793860968
0.342815388082653
0.332046476261992
0.321780666027438
0.311992672802860
0.302649929941076
0.293714117486710
0.285143813439592
0.276898321330906
0.268942462481914
0.261251802709323
0.253817538061841
0.246650247118177
0.239782026916363
0.233267112022837
0.227181703467945
0.221624121175200
0.216716390234822
0.212608052268905
0.209482551935943
0.207566112897801
0.207138547866875
0.208544757323035
0.212204507433578
0.218616233860929
0.228348156852619
0.242007668495960
0.260179771598850
0.283330662917464
0.311686316061069
0.345116131969024
0.383066982287371
0.424586526335879
0.468440918151248
0.513289499365194
0.557857708801585
0.601061385936830
0.642066078175020
0.680291210662745
0.715380194211121
0.747156282699475
0.775577436358508
0.800696877586590
0.822631495585429
0.841537818615857
0.857594296156782
0.870988484195653
0.881907964909308
0.890534186523146
0.897038710967074
0.901581505191054
0.904310889071526
0.905364639137337
0.904871674094374
0.902953801446627
0.899727169990576
0.895303269792924
0.889789475038908
0.883289207741227
0.875901823065941
0.867722306081880
0.858840848223989
0.849342354099086
0.839305922214330
0.828804348399280
0.817903716104264
0.806663157960337
0.795134889055800
0.783364612945883
0.771392375990985
0.759253890314382
0.746982269115476
0.734610043567479
0.722171289832987
0.709703712822142
0.697250611700240
0.684862764445049
0.672600375247585
0.660535298721004
0.648753778593449
0.637359918612372
0.626480038594672
0.616267939613333
0.606910866101731
0.598635548083825
0.591713081718433
0.586460584739269
0.583236762998754
0.582428277298814
0.584424893866486
0.589584373069032
0.598192255767551
0.610424849262403
0.626323107091229
0.645780338266125
0.668540968801702
0.694205442492765
0.722239579599586
0.751992469947873
0.782729854039036
0.813686277297312
0.844130440667467
0.873429965377265
0.901100076035664
0.926826529791422
0.950462333050221
0.972005047508146
0.991564160680598
1.00932675138370
1.02552666454350
1.04041944944337
1.05426327241420
1.06730497951880
1.07977018699335
1.09185638611840
1.10372831183260
1.11551509427792
1.12730892504235
1.13916510678022
1.15110341809143
1.16311072527856
1.17514472425694
1.18713861958797
1.19900646679064
1.21064884207613
1.22195847892047
1.23282553284725
1.24314220258066
1.25280653490641
1.26172535245964
1.26981634647892
1.27700945218026
1.28324766314785
1.28848744431271
1.29269888183074
1.29586567852302
1.29798507972383
1.29906780375527
1.29913805348624
1.29823369528108
1.29640670230392
1.29372396384072
1.29026855344466
1.28614151566198
1.28146415808829
1.27638070217544
1.27106093455370
1.26570221300392
1.26052986877738
1.25579483043859
1.25176733357331
1.24872595493802
1.24694176152358
1.24665768795057
1.24806298061552
1.25126182190591
1.25623508014841
1.26279631024493
1.27054943016353
1.27886556383254
1.28690458600784
1.29370123894592
1.29830839548914
1.29995343836894
1.29814869151474
1.29272052484756
1.28376438036291
1.27156078641715
1.25648819351659
1.23895370039154
1.21934760667096
1.19801893101388
1.17526610460594
1.15133731074112
1.12643626724143
1.10073058105379
1.07436080770869
1.04744902085459
1.02010614045519
0.992437584440090
0.964547064807707
0.936538573058889
0.908516788701368
0.880586280874471
0.852849940640428
0.825407076484444
0.798351540137937
0.771770147437722
0.745741546107821
0.720335581065285
0.695613131265879
0.671626344249601
0.648419172604855
0.626028114025826
0.604483065997233
0.583808220720329
0.564022940670608
0.545142566935407
0.527179119518745
0.510141850465632
0.494037606922925
0.478870952555557
0.464643983184067
0.451355758563537
0.439001261906537
0.427569801241781
0.417042796625574
0.407390973876456
0.398571126986778
0.390522821245642
0.383165658458886
0.376397943366592
0.370097679236061
0.364126700331364
0.358338394889854
0.352588910845754
0.346751004403798
0.340728828284371
0.334471101273831
0.327979645712586
0.321310840412538
0.314569469951253
0.307897146495963
0.301459386562031
0.295435321761241
0.290012226797891
0.285384977403850
0.281759297528764
0.279357331735810
0.278424225487765
0.279234549439345
0.282097309333534
0.287357859042378
0.295394317110780
0.306605259129225
0.321384956605387
0.340083059550107
0.362948451571095
0.390062794191880
0.421277202182566
0.456171988254568
0.494058929336219
0.534034525284943
0.575074597661276
0.616145219962881
0.656301429285704
0.694754133798396
0.730899915360382
0.764319899553842
0.794758899083322
0.822095625859268
0.846311716099135
0.867463932553256
0.885661318235416
0.901047492200272
0.913787496866440
0.924058335972815
0.932042343776361
0.937922644576217
0.941880111045653
0.944091369228591
0.944727512030442
0.943953269049800
0.941926441729655
0.938797454225238
0.934708898027849
0.929794968805117
0.924180714551886
0.917981043190550
0.911299482837498
0.904226753091708
0.896839287505975
0.889197932951813
0.881347120619983
0.873314834131149
0.865113674460604
0.856743225299469
0.848193746755667
0.839450974605504
0.830501519307331
0.821338144356559
0.811964187925252
0.802396639803247
0.792667807696611
0.782825898413976
0.772935036701993
0.763075230080684
0.753342651995573
0.743850454613182
0.734730183732908
0.726133751145700
0.718235799060847
0.711236134879712
0.705361695516036
0.700867210242678
0.698033403259253
0.697161319116534
0.698561365695885
0.702536197634066
0.709357732121195
0.719240132212345
0.732311729742180
0.748588715011361
0.767952025786982
0.790127867677482
0.814674010985058
0.840978799794295
0.868284050488657
0.895740696482959
0.922494373075481
0.947782542531046
0.971016322976381
0.991825784546733
1.01006300849322
1.02577204140587
1.03914160679914
1.05045500793373
1.06004626972707
1.06826616874558
1.07545819566054
1.08194277880415
1.08800766893361
1.09390261375630
1.09983690932245
1.10597887841256
1.11245669953276
1.11936026908589
1.12674392926955
1.13462995286376
1.14301266605430
1.15186303781569
1.16113349730961
1.17076268689662
1.18067984040164
1.19080850725240
1.20106942393969
1.21138245472236
1.22166766537234
1.23184573308481
1.24183800375322
1.25156655457440
1.26095458502440
1.26992734755316
1.27841367678023
1.28634803382824
1.29367289051448
1.30034124879452
1.30631911264675
1.31158778045188
1.31614588395540
1.32001114769277
1.32322186732493
1.32583809635482
1.32794247878556
1.32964056144150
1.33106025709349
1.33234990852256
1.33367413878578
1.33520639760471
1.33711687498257
1.33955429931075
1.34262013861394
1.34633411497935
1.35059145104918
1.35511640843470
1.35942512454751
1.36282231333813
1.36446192856129
1.36348481662972
1.35920114847576
1.35124222546982
1.33961293971572
1.32463518390689
1.30682917800504
1.28679109950868
1.26510167546533
1.24227290743060
1.21872517355936
1.19478364017195
1.17068506005760
1.14658926388140
1.12259221012736
1.09873905890850
1.07503659061900
1.05146467979890
1.02798666914227
1.00455850492467
0.981136476611318
0.957683399396533
0.934173114641950
0.910593265525641
0.886946421910880
0.863249754661352
0.839533565869848
0.815839043586073
0.792215616484517
0.768718239541426
0.745404861955413
0.722334234216745
0.699564122186395
0.677149926548007
0.655143662743769
0.633593238531500
0.612541966759803
0.592028260575725
0.572085469087005
0.552741819027916
0.534020431242132
0.515939380960790
0.498511769801305
0.481745776923146
0.465644658363397
0.450206668725484
0.435424889946499
0.421286970253508
0.407774805492873
0.394864237119910
0.382524896077327
0.370720383865175
0.359409037287489
0.348545548923437
0.338083683847693
0.327980219465947
0.318200023094299
0.308721869342255
0.299544220990452
0.290689876241743
0.282208372654902
0.274175593882525
0.266691081284653
0.259874505168191
0.253862896333160
0.248809515894855
0.244884261579124
0.242274859677078
0.241187897925739
0.241848835563570
0.244500291064596
0.249398061361117
0.256804445843526
0.266978540471109
0.280163254875562
0.296568938851273
0.316353775353292
0.339601627031631
0.366298908063321
0.396313252016632
0.429377959017300
0.465086835462845
0.502903378285655
0.542185913114612
0.582226662704608
0.622299048963999
0.661705366398978
0.699817238370499
0.736103729227915
0.770145432861535
0.801635923209071
0.830373796386411
0.856249044042269
0.879227049205100
0.899332599284451
0.916635368725476
0.931237555552124
0.943263828384724
0.952853431436561
0.960154148190354
0.965317781852307
0.968496826216448
0.969842042881040
0.969500710932320
0.967615363264660
0.964322865403761
0.959753727222472
0.954031566371295
0.947272666652134
0.939585597392820
0.931070883438320
0.921820741179737
0.911918924011417
0.901440748288494
0.890453393106454
0.879016576593548
0.867183699124187
0.855003501349319
0.842522207361526
0.829786018068215
0.816843718404006
0.803749119665555
0.790563120924542
0.777355325985953
0.764205311642431
0.751203723976256
0.738453360926824
0.726070318396027
0.714185181243822
0.702944157175331
0.692509988240556
0.683062429390295
0.674798052026255
0.667929109266261
0.662681187424638
0.659289368113268
0.657992647845385
0.659026425418673
0.662612990616436
0.668950129523264
0.678198147234829
0.690465666663942
0.705794325183051
0.724141924803378
0.745363082141974
0.769186962164864
0.795194503334241
0.822802910478195
0.851270749359142
0.879737480861231
0.907301878273814
0.933126103535257
0.956536789720984
0.977093219640515
0.994607226176016
1.00911920614578
1.02084741430631
1.03012940566283
1.03736892622205
1.04299439978940
1.04742982996354
1.05107616770499
1.05430034707549
1.05742938281505
1.06074751065486
1.06449498837068
1.06886772068253
1.07401728851559
1.08005125926327
1.08703384591961
1.09498708400225
1.10389271838274
1.11369495103048
1.12430411382850
1.13560122261602
1.14744326699053
1.15966901922410
1.17210511829596
1.18457219946655
1.19689087900034
1.20888744281120
1.22039910757514
1.23127872225147
1.24139877605633
1.25065459985282
1.25896670097160
1.26628224492856
1.27257576878834
1.27784926051650
1.28213175717202
1.28547860246480
1.28797046698084
1.28971217981468
1.29083135475685
1.29147672113578
1.29181598924887
1.29203299015889
1.29232372327637
1.29289081209612
1.29393569180948
1.29564760823536
1.29818817565456
1.30166985714712
1.30612652913789
1.31147499001453
1.31746940566206
1.32365837919333
1.32936702031219
1.33373733427083
1.33585192157269
1.33492357000161
1.33047718844702
1.32243754350775
1.31109173923791
1.29696777983562
1.28069691952667
1.26290572692958
1.24415064002384
1.22488779204712
1.20546557113083
1.18612947657865
1.16703261861807
1.14824827846894
1.12978287106472
1.11158868945234
1.09357629786648
1.07562662450148
1.05760282267198
1.03936188530801
1.02076584427183
1.00169219336604
0.982042990418742
0.961751985894081
0.940789157993954
0.919162238992323
0.896915167713033
0.874123812750959
0.850889666122593
0.827332412342595
0.803582294381031
0.779773050263184
0.756035949290010
0.732495190706079
0.709264697747734
0.686446175529380
0.664128206474229
0.642386120986048
0.621282386669953
0.600867289641434
0.581179722783695
0.562247939344897
0.544090171575773
0.526715052304199
0.510121813950868
0.494300277321204
0.479230684550785
0.464883478805921
0.451219187353746
0.438188620249024
0.425733645098707
0.413788825085538
0.402284194797430
0.391149377058419
0.380319094754761
0.369739885940931
0.359377474676680
0.349223803117637
0.339302314044831
0.329669984322022
0.320415227387169
0.311652149047813
0.303513050522687
0.296141473609553
0.289687188980376
0.284303157003281
0.280143606449172
0.277362256585948
0.276110075773460
0.276532473943256
0.278766254727850
0.282936907460546
0.289156857738666
0.297525113058427
0.308128373577830
0.321043201333196
0.336338346939093
0.354075910671581
0.374309745864841
0.397079487287571
0.422398934744991
0.450238413551381
0.480502308230072
0.513005148571217
0.547451886830911
0.583429263231022
0.620414151668031
0.657800951340375
0.694944457251730
0.731209664867130
0.766018100707953
0.798882267871222
0.829424270009206
0.857379291094591
0.882587624562186
0.904979919863485
0.924559778674260
0.941386613048764
0.955560416626123
0.967209119789552
0.976478572477701
0.983524867369013
0.988508587418440
0.991590550859744
0.992928674007772
0.992675641341926
0.990977144643626
0.987970520531783
0.983783676634011
0.978534251367769
0.972329001665040
0.965263456637313
0.957421911010779
0.948877856008369
0.939694951131737
0.929928620159667
0.919628299652504
0.908840271510435
0.897610877954497
0.885989781608096
0.874032864308828
0.861804425730316
0.849378544471145
0.836839695041766
0.824282846421307
0.811813259782092
0.799546109018947
0.787605946630448
0.776125977190581
0.765247092462733
0.755116656186365
0.745887083663063
0.737714319237458
0.730756351940032
0.725171908752080
0.721119416784732
0.718756229691823
0.718237976988714
0.719717729776728
0.723344497972283
0.729260400130171
0.737595695157811
0.748460746901297
0.761933904813003
0.778044227583098
0.796748055860099
0.817899075339636
0.841213613183722
0.866237515359106
0.892327739406373
0.918666980971359
0.944326093889123
0.968372034638120
0.989994914198513
1.00861363483549
1.02392820113434
1.03591204413875
1.04476098899597
1.05082420351075
1.05453779884132
1.05637197260382
1.05679427055277
1.05624689246710
1.05513437439387
1.05381809793473
1.05261485324958
1.05179754150350
1.05159681557315
1.05220297596826
1.05376778460897
1.05640607263801
1.06019713771242
1.06518598244196
1.07138446491221
1.07877243748582
1.08729896111436
1.09688371315314
1.10741876003502
1.11877092790263
1.13078504050524
1.14328825939313
1.15609562599383
1.16901668280707
1.18186280768063
1.19445471536374
1.20662951984309
1.21824681393137
1.22919337397060
1.23938628701803
1.24877448025586
1.25733877739657
1.26509070078979
1.27207027981414
1.27834312222757
1.28399696376737
1.28913783908107
1.29388591684376
1.29837091166810
1.30272681822620
1.30708549832939
1.31156837980353
1.31627520014706
1.32126839493305
1.32655154985535
1.33204071382453
1.33752916716672
1.34265085028858
1.34685629979300
1.34942584371626
1.34954850008685
1.34647488137573
1.33970370197165
1.32911828295021
1.31500452146699
1.29795347459896
1.27871224318652
1.25804940732031
1.23666629241779
1.21515322822778
1.19397657908638
1.17348239746871
1.15390723854889
1.13539111430516
1.11799043294621
1.10169025175878
1.08641578354529
1.07204326552337
1.05841029583457
1.04532571045406
1.03257906820223
1.01994983378293
1.00721636821004
0.994164813978170
0.980597869898694
0.966343282648444
0.951261666259791
0.935253056413741
0.918261491595968
0.900276958838560
0.881334279718491
0.861508911208462
0.840910100276971
0.819672229982169
0.797945413155653
0.775886376670740
0.753650465334743
0.731385268916546
0.709226041155165
0.687292811905962
0.665688926438557
0.644500676044021
0.623797687545991
0.603633786850150
0.584048118607086
0.565066373796181
0.546702040669861
0.528957648749712
0.511826020432842
0.495291581586629
0.479331812552834
0.463918944414581
0.449022020422913
0.434609444636405
0.420652121130523
0.407127235452019
0.394022628993556
0.381341549683891
0.369107326701548
0.357367263366197
0.346194920100027
0.335690184997100
0.325977170660601
0.317200686682881
0.309522218016865
0.303115782288718
0.298163218124058
0.294848019055930
0.293347037891842
0.293820111313070
0.296398592904069
0.301174594651239
0.308193100903652
0.317448831941248
0.328888829939304
0.342420511709975
0.357923804767704
0.375265300462814
0.394312233446403
0.414944409723919
0.437062716660994
0.460593337879870
0.485487150485657
0.511714013979817
0.539251885037425
0.568071084507551
0.598114770346594
0.629277791320364
0.661387426332195
0.694190531396558
0.727351557943068
0.760464169135296
0.793075890570789
0.824721512226561
0.854958463291968
0.883397261681869
0.909722280206399
0.933701259895865
0.955184814100265
0.974098767056364
0.990432500747878
1.00422596985813
1.01555719855189
1.02453125843978
1.03127111304381
1.03591032796938
1.03858744608201
1.03944175349450
1.03861016271022
1.03622497666687
1.03241234876097
1.02729130666527
1.02097325575014
1.01356191835392
1.00515369630186
0.995838463896870
0.985700803774007
0.974821683675743
0.963280533408536
0.951157618038235
0.938536530225627
0.925506576249263
0.912164846263587
0.898617843505086
0.884982644584707
0.871387601123337
0.857972549022400
0.844888407072764
0.832295986596163
0.820363847389686
0.809265139633137
0.799173549810544
0.790258673726289
0.782681306461095
0.776589209027071
0.772113857273718
0.769368515462352
0.768447752425934
0.769428287800894
0.772370858905787
0.777322647060856
0.784319680911707
0.793388512375219
0.804546301648527
0.817798221773986
0.833130797080712
0.850499486194754
0.869808718927497
0.890883179993769
0.913431252592627
0.937006197277994
0.960977970319699
0.984535778385783
1.00674143325809
1.02663853980140
1.04339430718711
1.05642717926819
1.06547573738577
1.07059323322845
1.07208519044965
1.07042302095909
1.06616201660868
1.05987853992806
1.05212929705421
1.04342908450520
1.03424147973574
1.02497744837105
1.01599813831120
1.00761940020772
1.00011654002275
0.993728458120416
0.988660733780953
0.985087457266826
0.983151761304020
0.982965109161458
0.984605491307216
0.988114788971200
0.993495691907223
1.00070870666768
1.00966993925433
1.02025043679465
1.03227786165595
1.04554108570941
1.05979791379731
1.07478563292443
1.09023356522870
1.10587642177110
1.12146710843439
1.13678774481122
1.15165796938828
1.16594002454402
1.17954054173758
1.19240930134572
1.20453547759069
1.21594198458580
1.22667852681527
1.23681385228755
1.24642753933513
1.25560144591282
1.26441073427132
1.27291417016358
1.28114320362138
1.28908920804162
1.29668827853621
1.30380336341378
1.31020457608262
1.31555082015788
1.31937979553244
1.32111859098253
1.32013050841079
1.31580901271797
1.30770998094938
1.29568272021402
1.27994206174765
1.26104430524811
1.23978086512859
1.21704225615883
1.19370314690096
1.17055067524195
1.14825217422831
1.12734783394638
1.10825488312272
1.09127504233062
1.07660177913128
1.06432693881989
1.05444773061647
1.04687527070599
1.04144537644029
1.03793148603981
1.03605880918669
1.03551835882439
1.03597948556972
1.03709989375033
1.03853272414722
1.03993098067845
1.04095022159955
1.04125093111182
1.04050224469050
1.03838861038983
1.03462040439344
1.02894841954006
1.02118064466378
1.01119828670344
0.998967221012652
0.984541548978429
0.968057726896315
0.949720148895752
0.929781106034329
0.908518939179729
0.886217836371511
0.863151545229227
0.839571908698066
0.815702052216029
0.791733427796797
0.767825709229121
0.744108590980154
0.720684730175226
0.697633287151305
0.675013712465389
0.652869577368473
0.631232350307145
0.610125092160802
0.589566087953412
0.569572461802049
0.550163841080734
0.531366147146062
0.513215589554487
0.495762916864217
0.479077910547474
0.463253978731718
0.448412508789487
0.434706402090487
0.422321991745615
0.411478342382292
0.402422682045146
0.395420422783362
0.390738198650464
0.388619180395752
0.389252045101838
0.392738067606042
0.399063534906742
0.408085233839738
0.419534044195927
0.433036495123690
0.448148998114461
0.464396818082540
0.481310448145973
0.498454807986060
0.515449794404619
0.531982917329297
0.547815738320089
0.562785914572413
0.576806326023896
0.589862377011046
0.602008259374070
0.613362733875097
0.624104762302411
0.634469034901310
0.644741045126855
0.655250858856571
0.666364145402811
0.678468495303241
0.691952784798631
0.707177768525847
0.724437712494553
0.743916064751835
0.765642498803884
0.789462453130719
0.815030781553826
0.841836230848961
0.869254069963446
0.896614714284022
0.923271749144008
0.948655299372006
0.972303810751296
0.993874710590330
1.01313908459857
1.02996687681548
1.04430823622006
1.05617486268684
1.06562348537161
1.07274233910749
1.07764073216654
1.08044141117991
1.08127528869292
1.08027809478013
1.07758857223529
1.07334791075251
1.06770018394246
1.06079359921476
1.05278238611616
1.04382913152048
1.03410732428936
1.02380380264325
1.01312070248940
1.00227638241535
0.991504679117957
0.981051810046698
0.971170409958944
0.962110649663922
0.954109089896259
0.947376646356339
0.942087464727335
0.938370403589564
0.936304229346204
0.935916809865499
0.937187881150828
0.940054554677305
0.944418643274508
0.950154996500580
0.957120216529848
0.965161284238510
0.974123736454072
0.983859114214087
0.994231472292834
1.00512281164290
1.01643735625772
1.02810461558307
1.04008111892407
1.05235054878604
1.06492171430528
1.07782338907909
1.09109452259424
1.10476784115230
1.11884468273207
1.13325966888139
1.14783649430510
1.16224179569801
1.17595270747838
1.18826173908790
1.19834124756944
1.20536979259464
1.20868780039112
1.20792465726578
1.20304924980082
1.19433630483719
1.18227882342917
1.16748797224366
1.15060957167721
1.13226801509876
1.11303575766525
1.09342141568982
1.07386928768739
1.05476478854775
1.03644217607313
1.01919240989967
1.00326993386107
0.988897727432230
0.976270275166996
0.965554279148966
0.956887084114977
0.950372968043403
0.946077714304411
0.944022227440121
0.944176332394726
0.946454195356376
0.950712866766226
0.956755124095715
0.964337031753327
0.973179571886184
0.982982662375813
0.993439268189280
1.00424738974924
1.01511843972830
1.02578158694199
1.03598465410902
1.04549281727807
1.05408657507301
1.06156029552266
1.06772223312556
1.07239636852529
1.07542587181912
1.07667752973927
1.07604619399790
1.07345825904942
1.06887336597063
1.06228389906141
1.05371229505213
1.04320661687265
1.03083517822398
1.01668120886968
1.00083862511246
0.983409922926582
0.964507023610353
0.944255509587269
0.922802003092939
0.900323437433138
0.877035837016462
0.853199483089531
0.829117739369085
0.805128759425164
0.781592170706615
0.758874957780267
0.737340661640673
0.717343770117788
0.699228348429574
0.683328059940632
0.669964210639385
0.659438992075826
0.652022306620247
0.647932271306530
0.647311590159648
0.650204072491655
0.656536898219673
0.666113941968975
0.678623208355404
0.693657801065460
0.710746264832966
0.729386056055565
0.749073964079653
0.769329120079194
0.789706785160402
0.809803449303591
0.829255387001375
0.847733628375497
0.864938451125517
0.880596112866997
0.894459685885419
0.906314588069173
0.915987922504843
0.923359439627970
0.928371291147611
0.931034032656346
0.931427427299700
0.929696023460131
0.926040665603038
0.920707706396900
0.913977697713889
0.906154948855428
0.897558805806051
0.888517010703342
0.879361127721043
0.870423771318515
0.862037205970573
0.854532755341854
0.848240324808415
0.843487181816803
0.840594951660376
0.839873598071120
0.841611039339063
0.846057139748517
0.853401335802713
0.863744391575397
0.877066950151908
0.893200533880227
0.911809572898676
0.932394100421630
0.954319832611812
0.976874786098484
0.999341937999747
1.02107093942481
1.04153274847425
1.06034865940363
1.07729464861906
1.09228824451391
1.10536659410026
1.11666247888403
1.12638201778038
1.13478522229041
1.14216896554688
1.14885123222185
1.15515549188920
1.16139444628955
1.16785302532773
1.17477114105823
1.18232718410503
1.19062349634757
1.19967514926479
1.20940344982101
1.21963576860802
1.23011341735554
1.24050905826672
1.25045412064854
1.25957478974193
1.26753267897411
1.27406417456080
1.27901168578372
1.28234125303804
1.28414389479459
1.28462163926874
1.28406207518870
1.28280661284239
1.28121741822977
1.27964675869887
1.27841105436829
1.27777081921135
1.27791706226172
1.27896444567999
1.28095127294225
1.28384597831660
1.28755916145150
1.29195950582827
1.29689138396465
1.30219178594526
1.30770445415506
1.31328963843416
1.31882848309119
1.32422152220983
1.32938100304111
1.33421684378105
1.33861620663841
1.34241738359231
1.34538060177118
1.34716206380243
1.34730277864089
1.34524783913008
1.34040880291263
1.33226588838658
1.32048141237039
1.30497967313244
1.28596004647953
1.26384414182756
1.23918714093797
1.21258873380809
1.18462550305309
1.15581004527034
1.12657212369975
1.09725427606748
1.06811538718360
1.03933798902488
1.01103708198927
0.983269665825049
0.956044933456320
0.929335334866515
0.903088594081086
0.877240399752282
0.851727044627497
0.826496925038710
0.801519672661982
0.776791864463186
0.752338737994705
0.728212013656407
0.704484592885022
0.681243348922218
0.658581325699978
0.636590424351859
0.615355225013499
0.594948147910661
0.575425845107528
0.556826590965431
0.539168485221305
0.522448430775110
0.506642016198716
0.491704542876103
0.477573429962231
0.464172082373641
0.451415041305449
0.439213928472316
0.427483452629444
0.416146669727755
0.405138820142454
0.394409370250336
0.383922258121926
0.373654665543327
0.363594830118734
0.353739454803721
0.344091204663557
0.334656661466560
0.325444988175887
0.316467466436712
0.307738014382917
0.299274753568987
0.291102645657560
0.283257135247903
0.275788607116627
0.268767329151448
0.262288495047849
0.256477101967824
0.251492692415637
0.247534256167733
0.244845517847418
0.243720246098101
0.244506184712396
0.247604966243209
0.253464241511514
0.262557712003889
0.275349516996338
0.292242338053207
0.313513932530441
0.339253392764414
0.369313159630264
0.403292021291356
0.440556611935422
0.480297246414806
0.521604138568879
0.563546677423171
0.605241673305537
0.645903039845987
0.684871544243514
0.721627122325518
0.755787808316074
0.787099440649996
0.815419797524130
0.840700131103572
0.862966354642617
0.882301432843853
0.898829874725071
0.912704685722676
0.924096743505612
0.933186329227636
0.940156451779407
0.945187609789962
0.948453704403298
0.950118909276180
0.950335393589804
0.949241857338282
0.946962862724031
0.943608929041656
0.939277310811203
0.934053319579140
0.928012001414315
0.921219962303858
0.913737148771505
0.905618435275383
0.896914929619448
0.887674967887070
0.877944820628566
0.867769167816379
0.857191422302248
0.846253993801830
0.834998591577345
0.823466666013159
0.811700086468802
0.799742141882307
0.787638927708947
0.775441147639291
0.763206319527801
0.751001349664621
0.738905444137804
0.727013356422209
0.715438992381683
0.704319357324454
0.693818693958861
0.684132409956608
0.675490045860509
0.668156149529384
0.662427631427137
0.658626179314314
0.657084830875685
0.658128923617404
0.662053127482242
0.669097506353325
0.679425801572563
0.693107974251898
0.710106832371514
0.730266486610279
0.753300081709731
0.778777053036848
0.806115814250596
0.834593395247673
0.863384029988446
0.891630154208143
0.918533989186050
0.943445272731719
0.965920295504002
0.985739754635273
1.00288914537970
1.01751582892198
1.02987846284447
1.04030016037959
1.04913100316903
1.05672110429586
1.06340297892686
1.06948109586265
1.07522648130336
1.08087461053594
1.08662526451157
1.09264342367106
1.09906058987631
1.10597617573896
1.11345879379861
1.12154742617434
1.13025256210690
1.13955745584950
1.14941968012291
1.15977313310209
1.17053060617693
1.18158694632030
1.19282276470610
1.20410856723888
1.21530912638865
1.22628788660443
1.23691120103512
1.24705223201475
1.25659440256008
1.26543434824772
1.27348437568063
1.28067447685736
1.28695397625714
1.29229290282145
1.29668318608145
1.30013977340063
1.30270174613930
1.30443346509846
1.30542568929946
1.30579648270977
1.30569155908250
1.30528354157249
1.30476947373542
1.30436585490222
1.30430049627922
1.30480054866236
1.30607601681137
1.30829783530980
1.31156920088708
1.31588885758802
1.32110671393766
1.32687761092119
1.33262968609347
1.33757616846775
1.34080046429850
1.34141691812293
1.33875801862632
1.33250599850351
1.32271373678839
1.30972588831634
1.29405579036541
1.27627109497195
1.25691360411572
1.23645489352994
1.21527858826069
1.19367894609672
1.17186796776923
1.14998621526061
1.12811472368280
1.10628675044256
1.08449884678163
1.06272109682497
1.04090651185612
1.01899959057176
0.996944015998665
0.974689392940319
0.952196865382250
0.929443417397113
0.906424674463268
0.883156093954575
0.859672556371863
0.836026518189942
0.812285028052368
0.788526006484063
0.764834223716538
0.741297377695836
0.718002589345929
0.695033519352665
0.672468195801059
0.650377544499670
0.628824544012708
0.607863886765831
0.587542011491371
0.567897373324000
0.548960828598953
0.530756026136990
0.513299712374418
0.496601873656950
0.480665657415295
0.465487038945510
0.451054237580384
0.437346940176505
0.424335462765461
0.411980067811740
0.400230740320760
0.389027787909931
0.378303640956046
0.367986165377891
0.358003646474463
0.348291347239920
0.338799181028508
0.329499577157110
0.320394149077278
0.311517552848169
0.302937336438851
0.294749809756048
0.287073515093728
0.280042703918737
0.273802727627477
0.268507934809426
0.264321523437152
0.261416321648775
0.259975535453469
0.260192780295423
0.262270988943192
0.266419981250065
0.272852580252406
0.281779170450798
0.293400531892291
0.307898679402786
0.325425354281221
0.346087861143532
0.369932251476034
0.396924552895285
0.426931858407969
0.459706440042881
0.494877154423820
0.531952547958505
0.570338614373441
0.609371061749349
0.648358089608511
0.686626618881746
0.723564045444490
0.758649238529045
0.791469788091568
0.821725943106253
0.849224093535221
0.873863616377733
0.895620684510346
0.914531767506484
0.930678530977757
0.944174965725231
0.955156961656837
0.963774175499317
0.970183865823109
0.974546316381100
0.977021484445953
0.977766557448737
0.976934156867883
0.974670982240615
0.971116736817409
0.966403220347264
0.960653516236377
0.953981242421016
0.946489878912030
0.938272228859997
0.929410110146164
0.919974404586650
0.910025604063438
0.899614978705948
0.888786442631198
0.877579100106265
0.866030320817829
0.854179043448200
0.842068904699428
0.829750813669626
0.817284764268128
0.804740923269787
0.792200215935989
0.779754678149683
0.767507777107804
0.755574792647876
0.744083252981941
0.733173352269901
0.722998241217927
0.713724066201049
0.705529627040495
0.698605519344812
0.693152616705629
0.689379726490028
0.687500221399771
0.687727416057730
0.690268439802237
0.695316370428663
0.703040439191637
0.713574154516146
0.727001129835918
0.743338156425281
0.762514741635571
0.784348503793507
0.808517583044004
0.834535607117642
0.861741059518723
0.889317124994320
0.916353872799881
0.941948894171374
0.965321996236437
0.985908871588966
1.00340713765108
1.01776968353511
1.02915964617332
1.03788866423008
1.04435637976581
1.04900107119968
1.05226419118962
1.05456740604077
1.05629913842804
1.05780755351418
1.05939751814021
1.06132979127296
1.06382134607478
1.06704621404919
1.07113658243868
1.07618409074277
1.08224138586124
1.08932403069471
1.09741284050122
1.10645666926210
1.11637561062750
1.12706453850687
1.13839690709881
1.15022876161655
1.16240296449173
1.17475368711060
1.18711121855386
1.19930707960628
1.21117931629726
1.22257773035140
1.23336873816029
1.24343956195698
1.25270153601436
1.26109242340720
1.26857774985546
1.27515124592234
1.28083453650554
1.28567622693264
1.28975051376553
1.29315540289944
1.29601055336825
1.29845468465795
1.30064238626053
1.30274004424623
1.30492044014481
1.30735536833379
1.31020534555944
1.31360515057942
1.31764359245449
1.32233579524981
1.32758703932325
1.33315013724735
1.33858532613006
1.34324332566578
1.34630301821695
1.34688929032213
1.34425799691758
1.33797871696481
1.32802683809239
1.31474767213234
1.29873124205646
1.28066839074858
1.26123807615254
1.24104007021537
1.22056513371086
1.20018886774209
1.18017790126429
1.16070135451524
1.14184391339933
1.12361891384594
1.10598089537043
1.08883754881204
1.07206114691443
1.05549957314758
1.03898702846324
1.02235442053137
1.00543932894569
0.988095300571400
0.970200086759855
0.951662331645557
0.932426206417585
0.912473590521150
0.891823624088982
0.870529752396018
0.848674680901522
0.826363885591978
0.803718430159800
0.780867819197500
0.757943488728148
0.735073344679587
0.712377552593575
0.689965596525816
0.667934486202963
0.646367907701894
0.625336079739556
0.604896082966659
0.585092459271471
0.565957919820411
0.547514046006984
0.529771912209960
0.512732601934262
0.496387630069014
0.480719324828066
0.465701264069479
0.451298901097575
0.437470551084302
0.424168933967397
0.411343472743226
0.398943514197629
0.386922556777613
0.375243420146220
0.363884056375548
0.352843382839571
0.342146170538767
0.331845832082530
0.322024216313311
0.312788391550490
0.304265525491927
0.296597531199907
0.289936673466616
0.284442259313357
0.280277702744104
0.277607066901168
0.276590526815477
0.277378768185207
0.280106902361500
0.284888871889719
0.291813433925164
0.300942594423548
0.312312868952796
0.325939098146089
0.341819917722933
0.359943517026067
0.380292087692252
0.402843371700212
0.427567951373173
0.454421398798876
0.483331183101701
0.514179391184551
0.546783812382449
0.580881472922424
0.616119652922561
0.652058982562769
0.688190915631018
0.723968114519073
0.758842444508370
0.792303091740654
0.823907755416554
0.853302511397028
0.880229392771807
0.904523544370131
0.926103250093076
0.944956266718859
0.961125223950313
0.974693902011893
0.985775331300587
0.994502025494417
1.00101827265875
1.00547421629495
1.00802139432252
1.00880941355944
1.00798348235483
1.00568258193471
1.00203811597714
0.997172932831502
0.991200663917345
0.984225364607634
0.976341479471574
0.967634180191609
0.958180138338797
0.948048791349925
0.937304131799411
0.926006990774176
0.914217695145876
0.901998872903903
0.889418105481407
0.876550139540198
0.863478493218273
0.850296463032128
0.837107654010945
0.824026161840582
0.811176460323949
0.798692957406857
0.786719130505488
0.775406157720441
0.764911022141480
0.755394162498075
0.747016845678537
0.739938512769716
0.734314373724270
0.730293483909341
0.728017432723737
0.727619626930110
0.729224980182046
0.732949641990215
0.738900221496014
0.747171781436633
0.757843685283253
0.770972163889894
0.786578235690968
0.804629460079655
0.825014241703249
0.847508738125647
0.871739901063025
0.897154407686135
0.923010526833992
0.948412625754493
0.972398418597366
0.994065845283469
1.01270219328568
1.02787229084161
1.03944192979834
1.04754232641213
1.05250087646819
1.05476526495311
1.05483864529987
1.05323265973871
1.05043770122591
1.04690658820507
1.04304731479892
1.03922125959495
1.03574425900250
1.03288886184318
1.03088676393042
1.02993088813027
1.03017687830182
1.03174396594510
1.03471528628903
1.03913779448657
1.04502198282334
1.05234164089667
1.06103394161978
1.07100017786720
1.08210750677405
1.09419205515637
1.10706366354469
1.12051236943592
1.13431646158029
1.14825163845674
1.16210056809788
1.17566204712629
1.18875901443963
1.20124485654888
1.21300768623555
1.22397252249798
1.23410150315765
1.24339239973482
1.25187577386258
1.25961112356816
1.26668232822751
1.27319262382738
1.27925923250370
1.28500763449775
1.29056530409032
1.29605452729428
1.30158367177438
1.30723599356151
1.31305478421662
1.31902352820848
1.32504010695230
1.33088567952764
1.33619285595610
1.34042520936176
1.34288980830320
1.34280880319880
1.33946076225647
1.33236008677349
1.32139852599812
1.30687665643773
1.28941667539936
1.26981348654000
1.24889334816069
1.22741748435294
1.20603310889585
1.18525774296548
1.16548157098697
1.14697742790598
1.12991298136196
1.11436294070069
1.10032077753446
1.08771004159692
1.07639540825655
1.06619344933366
1.05688298502079
1.04821485026736
1.03992100965098
1.03172313870342
1.02334098230058
1.01450091694921
1.00494510767243
0.994441415551600
0.982793786678592
0.969852321795639
0.955521752857648
0.939766844742215
0.922613460043357
0.904144689925063
0.884492387477115
0.863825328078420
0.842335762156801
0.820226176963657
0.797697710290946
0.774941063042630
0.752130159450920
0.729418351320141
0.706936706369534
0.684793837873736
0.663076767789578
0.641852411538052
0.621169387072138
0.601059958644423
0.581542015507396
0.562621055087351
0.544292190782325
0.526542239663469
0.509351967908912
0.492698583399936
0.476558565287107
0.460910906638392
0.445740812149825
0.431043827487990
0.416830265613485
0.403129628193254
0.389994515056898
0.377503356490510
0.365761350272060
0.354899351123739
0.345070986780145
0.336448513572979
0.329217575367952
0.323570366072638
0.319696337553412
0.317769944242901
0.317935929485128
0.320293959389995
0.324885450514700
0.331685683602233
0.340603480537532
0.351489055225158
0.364148767399739
0.378364135129177
0.393912014094359
0.410583277387187
0.428198244788449
0.446618071409862
0.465752008950665
0.485560787599996
0.506056362911759
0.527298028713781
0.549384540110837
0.572441571506603
0.596603752982282
0.621990941142046
0.648679543019661
0.676671697827241
0.705867538926443
0.736047551280179
0.766871743873756
0.797899022415077
0.828624449669712
0.858526479003283
0.887113561500568
0.913960934663750
0.938732705057827
0.961189104237786
0.981182087875660
0.998643672554365
1.01357104446705
1.02601136129206
1.03604796644828
1.04378878340866
1.04935704046921
1.05288414441959
1.05450438638610
1.05435114383729
1.05255428128382
1.04923851258547
1.04452255015793
1.03851892086899
1.03133437031707
1.02307080366580
1.01382671935120
1.00369907838784
0.992785515201630
0.981186742620160
0.969008955470779
0.956366025600132
0.943381320363523
0.930189036481968
0.916934963501814
0.903776547225040
0.890882046537772
0.878428537794749
0.866598582324084
0.855575557785287
0.845537931606816
0.836653042490066
0.829071149940219
0.822920533417836
0.818304259309446
0.815298943973816
0.813955520856306
0.814301755278661
0.816346086091611
0.820082306713723
0.825494596111296
0.832562428583690
0.841264887231251
0.851583844031636
0.863505321452414
0.877018098326979
0.892108269804903
0.908748074831251
0.926877043877978
0.946373810105446
0.967018545322536
0.988450005136579
1.01012825038995
1.03132259189012
1.05114795710414
1.06866231906173
1.08301001702874
1.09356532708477
1.10002335354836
1.10241111670900
1.10103043927480
1.09636749286168
1.08900280559469
1.07954101634423
1.06856521388628
1.05661233946530
1.04416342841292
1.03164289318565
1.01942254093173
1.00782750663484
0.997142406703590
0.987616754937322
0.979469123583038
0.972889780320478
0.968041672947352
0.965059731664816
0.964048562179236
0.965078746073409
0.968182166993940
0.973347035954285
0.980513552618724
0.989571326172737
1.00035968196016
1.01267171686835
1.02626243282148
1.04086056731513
1.05618302238461
1.07195025952623
1.08790082342132
1.10380333013875
1.11946474187879
1.13473440260671
1.14950395285322
1.16370373546334
1.17729657400849
1.19026985257128
1.20262670295354
1.21437688730733
1.22552771923038
1.23607514380154
1.24599492718496
1.25523381021068
1.26370048360937
1.27125639235078
1.27770675567277
1.28279292032130
1.28618837591280
1.28750246406580
1.28629761614063
1.28212663615076
1.27459384209670
1.26343546929627
1.24860136138868
1.23030896065534
1.20904362809648
1.18550067645596
1.16049144410293
1.13484811162152
1.10935311335898
1.08470036700342
1.06148148054393
1.04018555529685
1.02120319764096
1.00482946694094
0.991264189613457
0.980610585387661
0.972874452826484
0.967966370948987
0.965708666998895
0.965847586212843
0.968069640784781
0.972020003284194
0.977320372398209
0.983584023633076
0.990426566243124
0.997471959908732
1.00435434536094
1.01071707053944
1.01621089569332
1.02049369566700
1.02323393960466
1.02411963558752
1.02287312388299
1.01927016736433
1.01315973600063
1.00447961685591
0.993263345465473
0.979636093781298
0.963800229300805
0.946013910967466
0.926567272044571
0.905760307520994
0.883885139039531