   1.4554001e+01   6.7364788e+00   3.9234895e+00
  -1.2572347e+00   3.0546905e+00   1.1406523e+00
   6.3262732e+00   6.4411128e+00   1.5659492e+00
   2.9107400e+00   6.9863827e+00   3.2549409e+00
   6.4356247e+00   6.5576087e+00   4.7215698e+00
   1.0161148e+01   5.4153757e+00   3.3840078e+00
   1.1396500e+01   6.6568710e+00   4.1729697e-01
   9.7790832e+00   6.9570013e+00   3.1125602e+00
   6.6908631e+00   5.7888543e+00   3.0678848e+00
   3.1597852e+00   6.6127180e+00   2.5977167e+00
   1.0283881e+01   5.2072614e+00   3.6534638e+00
   1.0156958e+01   7.5345073e+00   4.7007720e+00
   1.4685825e+01   4.5212806e+00   3.4811245e+00
   1.4876495e+01   7.6310536e+00   3.4096720e+00
   1.0242920e+01   7.0437287e+00   3.1361740e+00
   1.8253273e+01   5.2309440e+00   2.8758384e+00
   3.6277974e+00   5.6295315e+00   4.2340334e+00
   7.6005273e+00   6.6951837e+00   3.5333454e+00
   1.0531296e+01   7.2567554e+00   3.6830188e+00
   1.4290622e+01   6.7765919e+00   3.9646653e+00
   1.2649127e+01   4.2772176e+00   2.3089325e+00
   1.3217410e+01   5.4865520e+00   1.7869961e+00
   7.4871555e+00   8.4880346e+00   3.3384185e+00
   8.3584670e+00   6.5556732e+00   5.1431111e+00
   1.6831936e+01   5.1925828e+00   3.0534454e+00
   1.3473823e+01   4.3534396e+00   1.6905768e+00
   9.6644708e+00   6.2557082e+00   3.8589120e+00
   1.0503059e+01   5.1650482e+00   1.7047925e+00
   1.6072714e+01   4.0150449e+00   2.1114731e+00
   9.1667103e+00   6.9933569e+00   3.6815217e+00
   1.1643916e+01   7.0354752e+00   3.4979839e+00
   3.1772182e+00   6.0562976e+00   2.2490978e+00
   1.6405586e+01   5.3869073e+00   3.2188323e+00
   1.1079829e+01   7.8207613e+00   3.5492058e+00
   9.5687932e+00   5.8925884e+00   3.5261539e+00
   1.0170758e+01   4.8755956e+00   2.8690008e+00
   1.2514695e+01   5.7373850e+00   3.9667921e+00
   1.0617844e+01   5.6642209e+00   3.5515051e+00
   3.3400943e+00   6.0065005e+00   2.8828082e+00
   6.2062562e+00   5.4396524e+00   7.0971594e-01
   8.1419312e+00   6.0705804e+00   1.4220668e+00
   5.5363421e+00   6.3142903e+00   2.1695926e+00
   7.6002170e+00   5.0027874e+00   2.3021989e+00
   7.5853812e+00   7.1578487e+00   2.2013541e+00
   2.2024130e+01   5.6543231e+00   6.8859574e-01
  -2.7309916e+00   6.2124122e+00   4.5715945e+00
   1.4905782e+01   4.1700894e+00   3.7620567e+00
   1.4389578e+01   6.5546409e+00   3.2405430e+00
   1.2981329e+01   7.4417235e+00   3.0920996e+00
   1.4056540e+01   6.0828869e+00   1.6467081e+00
   7.0165401e+00   7.2089078e+00   3.7853847e+00
   7.4252476e+00   5.3751357e+00   1.8751314e+00
   9.1944772e+00   4.6502200e+00   3.7599224e+00
   9.4141886e+00   5.2734291e+00   3.5032910e+00
   3.6162511e+00   5.4317344e+00   3.2449678e+00
   6.7960425e+00   4.9244637e+00   2.8538814e+00
  -5.0067864e-01   7.1393555e+00   2.7429020e+00
   1.2077836e+01   7.5234983e+00   4.1924727e+00
   5.3096537e+00   5.1789854e+00   2.3332498e+00
   1.0989879e+01   5.6510552e+00   2.6939626e+00
   2.4437513e+01   6.3223935e+00   1.9717678e+00
   1.2829733e+01   6.3177966e+00   4.2664084e+00
   5.5967798e+00   6.9393476e+00   5.2359373e+00
   9.0308802e+00   4.2002868e+00   3.2059446e+00
   2.5896456e+00   6.6369720e+00   2.3692939e+00
   9.7310470e+00   5.4416542e+00   5.6282805e+00
   8.4791898e+00   7.2245967e+00   3.4078407e+00
   8.5999953e+00   4.4667808e+00   3.6569082e+00
   7.3670258e+00   6.1916031e+00   2.1344497e+00
   5.5620275e+00   7.1628685e+00   3.1794551e+00
   8.9923273e+00   5.8658547e+00   3.6017381e+00
   2.3103340e+00   6.9890887e+00   3.1915367e+00
   1.0781094e+01   5.3019796e+00   2.4624366e+00
   2.5649684e+00   5.0163072e+00   1.9404591e+00
   8.9288135e+00   3.8362405e+00   3.9338211e+00
   2.3722782e+01   5.6726016e+00   1.6068128e+00
   5.3327020e+00   5.8557343e+00   3.1517449e+00
   1.6723601e+01   5.2867958e+00   3.6351695e+00
   1.9741174e+01   6.6064687e+00   3.8210208e+00
   1.1197227e+01   5.8480562e+00   3.8558275e+00
   1.0116308e+01   5.9169840e+00   4.5412402e+00
   3.0316474e+00   5.1207272e+00   5.5544579e-01
   1.8370243e+01   3.9817635e+00   3.1816764e+00
   6.6701671e+00   6.9284294e+00   3.1788963e+00
   1.6056535e+01   6.4583991e+00   2.4749753e+00
   1.0040852e+01   4.4668778e+00   3.2517685e+00
   1.9919926e+01   5.4288877e+00   3.6119479e+00
   9.0467117e+00   6.4013278e+00   2.0048307e+00
   1.0736357e+01   6.9241944e+00   3.3319867e+00
   5.3096598e+00   8.0118208e+00   2.5034977e+00
   7.0980333e+00   4.3162568e+00   4.0605165e+00
   1.5793720e+01   4.8839968e+00   2.5543882e+00
   1.6498442e+01   5.3439228e+00   4.7904350e+00
   1.9981139e+01   5.2624483e+00   2.7508368e+00
  -2.3360027e+00   6.2397667e+00   2.0995059e+00
   1.1031630e+01   5.0374547e+00   2.8385701e+00
   2.0246177e+01   5.7757107e+00   3.9257208e+00
   1.9645263e+01   5.7431842e+00   3.4474607e+00
   1.6825225e+01   6.8143437e+00   2.8855741e+00
   5.3799208e+00   4.5492353e+00   1.9065464e+00
   2.6225366e+00   4.6500791e+00   5.0289361e+00
   1.6117324e+01   5.5019378e+00   2.8729619e+00
   1.3705087e+01   5.0301561e+00   4.2522964e+00
   1.8204095e+01   6.1601388e+00   1.1801045e+00
   1.2041854e+01   5.7448386e+00   2.7677289e+00
   1.2561430e+01   6.0970285e+00   2.4468983e+00
   1.4619590e+01   8.0089996e+00   2.4331064e+00
   4.8550941e+00   5.1672090e+00   3.3284185e+00
  -2.9452788e+00   6.7975010e+00   4.1162153e+00
   1.2746985e+01   7.4475475e+00   3.2839832e+00
   6.5058997e+00   5.8154985e+00   4.6676064e+00
   9.2739764e+00   3.6713402e+00   3.3168942e+00
   7.4360082e+00   5.7598934e+00   3.6463479e+00
   5.6785274e+00   6.3273432e+00   2.6000515e+00
  -8.9774229e-01   6.0025669e+00   3.2565527e+00
   9.9990812e+00   6.2412258e+00   2.3196054e+00
   1.2168040e+01   6.4869105e+00   1.7222359e+00
   6.2264818e+00   4.6808684e+00   3.8709067e+00
   5.1671079e+00   6.3532244e+00   2.4551186e+00
   1.5094783e+01   6.7961167e+00   3.1768684e+00
   1.3607147e+01   6.2269549e+00   3.3747151e+00
   1.3263964e+01   6.4234189e+00   3.1466983e+00
   5.3758020e+00   6.3774910e+00   1.8071396e+00
   7.8457064e+00   6.2390846e+00   3.1230291e+00
   1.4631332e+01   6.1025796e+00   2.9078728e+00
   1.8302317e+01   6.6612681e+00   1.1381554e+00
   5.4432918e+00   6.5110372e+00   3.5823061e+00
   1.3493478e+01   7.2485264e+00   2.4461100e+00
   1.7958656e+01   6.3260862e+00   4.5142753e+00
   1.0581667e+01   6.2986730e+00   2.8158236e+00
   5.0494352e+00   4.9969740e+00   3.6000368e+00
   1.8553106e+01   6.7622766e+00   2.5370304e+00
  -7.8781226e+00   6.8264556e+00   2.4403568e+00
   1.2597623e+01   4.2067203e+00   3.4484993e+00
   4.7537411e+00   7.7951792e+00   2.0061770e+00
   1.1210431e+01   6.4613550e+00   3.1640949e+00
   1.5440804e+01   6.3746572e+00   4.2433813e+00
  -4.4593587e+00   4.1357705e+00   2.8464396e+00
   1.9354695e+01   7.9205254e+00   3.1440246e+00
   1.1256738e+01   5.9514364e+00   5.6553962e+00
   4.7593838e-01   4.2759498e+00   2.0338654e+00
   4.7380572e+00   5.5236602e+00   2.3367602e+00
   3.0499692e+00   6.0146810e+00   3.2464824e+00
   7.6174860e+00   6.0447913e+00   2.2100480e+00
   1.0093914e+01   6.6277701e+00   4.2260450e+00
   3.5862900e+00   5.4814322e+00   2.4479713e+00
   7.0981337e+00   6.6714985e+00   3.4819789e+00
   3.3029671e+00   4.8267997e+00   3.5664905e+00
   1.2073487e+01   6.6526339e+00   3.5667183e+00
   1.0463555e+01   5.1854155e+00   2.4459351e+00
   9.5909351e+00   4.6358223e+00   2.6678209e+00
   7.2162716e+00   4.6695665e+00   4.7361787e+00
   5.3260230e+00   6.6755729e+00   4.8667516e+00
   1.9216840e+01   7.0680153e+00   2.2401202e+00
   5.2960801e+00   5.9259692e+00   2.5175056e+00
   5.3449798e+00   7.3487226e+00   2.1601043e+00
   1.1205005e+01   6.4043995e+00   3.7127561e+00
   1.1398752e+01   5.2574106e+00   4.7007180e+00
   2.4571287e+01   6.4804536e+00   1.7029147e+00
   4.3384908e-01   7.4864780e+00   1.8899992e+00
   5.6303009e+00   5.1533723e+00   4.1131776e+00
   9.8727831e+00   6.1156273e+00   2.6652963e+00
   8.1763754e+00   7.2966899e+00   4.6781180e+00
   2.8016252e+00   6.1577728e+00   1.3196418e+00
   1.5692521e+01   6.2546004e+00   3.7037066e+00
   1.9909461e+01   6.2166419e+00   3.8090667e+00
   8.3646015e+00   3.6234044e+00   3.7090350e+00
   4.1134384e+00   7.7234057e+00   3.1359670e+00
   1.6954490e+01   4.2689735e+00   1.6310710e+00
   1.3241319e+01   6.1598145e+00   3.9863982e+00
   1.0941241e+01   6.8669399e+00   2.1093348e+00
   9.0224308e+00   6.9235417e+00   3.1954506e+00
   1.5842441e+01   6.0264720e+00   1.9684256e+00
   8.4458205e+00   4.8281410e+00   3.4708822e+00
   1.2337974e+01   5.5553735e+00   2.2829303e+00
  -2.1259410e+00   6.7970565e+00   4.1769186e+00
   9.4193586e+00   6.3394346e+00   3.6537523e+00
   9.2882668e+00   7.6399229e+00   3.1280301e+00
   5.9139107e+00   6.1998449e+00   3.5066403e+00
   5.4958036e+00   5.4126756e+00   2.7332108e+00
   9.5812309e+00   5.7818203e+00   2.7606833e+00
   6.4034915e+00   5.8224456e+00   3.4704020e+00
   4.9273721e+00   7.1212789e+00   3.0653990e+00
   9.7197836e+00   5.4494479e+00   2.9308010e+00
   1.8635131e+01   7.4221751e+00   2.8622764e+00
   3.0533538e+00   6.3707758e+00   1.2509643e+00
   6.2796426e+00   5.2893886e+00   2.6977448e+00
   1.5930779e+01   5.1750336e+00   5.2316879e+00
   4.0160314e+00   5.7971254e+00   3.5649029e+00
   1.1886326e+01   5.2489644e+00   2.7398633e+00
   1.2782637e+01   6.6666033e+00   3.5519318e+00
  -8.7903504e-01   5.6885792e+00   1.7354458e+00
   1.2762123e+01   6.6103688e+00   2.8990146e+00
   5.4666942e+00   4.3316216e+00   2.6806758e+00
   9.1485915e+00   7.8463954e+00   3.2929769e+00
   5.4528479e+00   4.3521380e+00   1.6957418e+00
   2.3658455e+01   4.8108054e+00   4.1713904e+00
   1.9124920e+01   4.9286966e+00   2.9878247e+00
   5.3414558e+00   5.2491221e+00   3.6250787e+00
   9.2234146e+00   6.4291243e+00   3.3654704e+00
   1.6930715e+01   5.9300698e+00   2.0339467e+00
   6.1865011e+00   5.2154196e+00   3.0579142e+00
   1.0594372e+01   5.8446777e+00   4.8712490e+00
   8.9399460e+00   3.8024230e+00   1.4086509e+00
   7.0857683e+00   5.9319698e+00   3.6283666e+00
   1.1137963e+01   6.5116325e+00   4.8336935e+00
   9.1917719e+00   6.6857166e+00   4.8716383e+00
   1.1542924e+01   6.0421795e+00   3.8950156e+00
   5.3417339e+00   5.9680693e+00   4.9323804e+00
   1.1217056e+01   6.9001880e+00   2.1897432e+00
   7.7965395e+00   6.2613740e+00   2.7883015e+00
   7.7423440e+00   7.5384500e+00   2.0303427e+00
   2.8266242e+00   5.6146490e+00   4.7972304e+00
   1.3189501e+01   7.4980484e+00   3.9262909e+00
   8.5645658e+00   6.9663554e+00   3.2801609e+00
   8.7150590e+00   6.9322499e+00   4.4024282e+00
   1.4598222e+01   6.7206082e+00   1.6525355e+00
   1.3228210e+01   6.3145543e+00   3.5178841e+00
   8.3072522e+00   5.0472678e+00   3.4502735e+00
  -2.1383512e+00   5.0917647e+00   2.5685503e+00
   8.9936365e+00   6.3947513e+00   5.1615517e+00
   1.3418271e+00   5.9551637e+00   4.0514117e+00
   1.6488320e+01   4.9448435e+00   4.7074385e+00
   3.3303005e+00   6.6740968e+00   2.4120584e+00
   7.7670539e-01   5.0267506e+00   2.6154001e+00
   7.2444757e+00   6.2849519e+00   2.4779488e+00
   2.3809530e+01   5.8911040e+00   3.8306365e+00
   1.1276630e+01   4.0866648e+00   2.0365856e+00
   1.3497407e+01   5.1918213e+00   4.1108943e+00
   1.3612032e+01   6.7388396e+00   4.3294143e+00
   3.5333257e+00   5.3171423e+00   2.2674406e+00
   1.6453554e+01   5.6875580e+00   3.6808182e+00
  -3.3785484e+00   5.1004521e+00   2.6443273e+00
   1.1912491e+01   5.8217332e+00   3.5579353e+00
   9.4193839e+00   7.5983176e+00   3.0211054e+00
   8.1775271e+00   3.0408922e+00   9.7203072e-01
   2.0203585e+01   6.7140711e+00   3.6586557e+00
   1.0344258e+01   5.8173433e+00   4.8088777e+00
   1.0743476e+01   7.3810827e+00   3.0416673e+00
   8.3742048e+00   7.2666297e+00   1.5556037e+00
   5.8086396e+00   5.2441280e+00   3.5698511e+00
   1.5988672e+01   6.3916381e+00   3.3055745e+00
   1.0755650e+01   5.7999459e+00   3.7682457e+00
   7.6505658e-01   5.6647680e+00   4.5662677e+00
   4.8054161e+00   5.2628777e+00   3.7939464e+00
   1.1968771e+01   5.2732109e+00   2.7210570e+00
   9.2059037e-01   5.9221455e+00   2.8510469e+00
   6.2325259e+00   6.6206284e+00   4.9718036e+00
   9.5695260e+00   5.4731868e+00   3.0173522e+00
   9.7703477e-01   5.6261044e+00   3.9146527e+00
   7.4348897e+00   4.2917655e+00   2.1477803e+00
   6.7440917e+00   5.8950694e+00   2.9465826e+00
   8.4153089e+00   3.5154442e+00   3.7613229e+00
   1.2184973e+01   8.1979217e+00   4.7378208e+00
   5.1738777e+00   5.8018315e+00   2.2728117e+00
   3.8666611e+00   6.3165480e+00   5.3350987e+00
   1.4909742e+01   6.0118717e+00   2.0551565e+00
   1.8512215e+01   3.7212208e+00   4.6122948e+00
  -7.7710616e+00   7.1764956e+00   2.4593832e+00
   1.0187604e+01   5.7087845e+00   2.7049771e+00
   4.8064679e+00   5.2010780e+00   4.5253706e+00
  -1.2985737e+00   6.2785314e+00   1.9854333e+00
   8.4243701e+00   6.4083578e+00   2.7422582e+00
   1.3150936e+01   6.0300081e+00   3.9192401e+00
   1.1772270e+01   5.4061696e+00   2.3067575e+00
   1.3738806e+01   7.2988066e+00   4.4202249e+00
   6.5171007e+00   7.1437751e+00   4.3749212e+00
   5.1203774e+00   6.8853750e+00   1.9639385e+00
   1.1534149e+01   4.3974554e+00   2.8379382e+00
   7.6446570e+00   5.5311247e+00   3.3357493e+00
   7.1159337e+00   7.2379790e+00   2.9918704e+00
   1.0424109e+01   5.9564038e+00   2.4255301e+00
   1.7697988e+01   5.6042429e+00   3.1459861e+00
   1.6807488e+01   4.8589802e+00   3.4470271e+00
   1.0285536e-01   6.2774072e+00   1.8935308e+00
   8.9983415e+00   4.9953632e+00   2.5873029e+00
   8.3354186e+00   6.3895047e+00   2.2036608e+00
   9.0346426e+00   5.3411198e+00   1.7322023e+00
   1.4907345e+01   6.4201995e+00   3.9126474e+00
   1.0111107e+01   6.3564919e+00   1.4921377e+00
   8.5362794e+00   5.4190356e+00   1.6901924e+00
   2.3220196e+00   5.3087420e+00   2.7192908e+00
   2.5021412e+00   6.0894220e+00   2.7053228e+00
   1.2423115e+01   6.7551294e+00   1.2423686e+00
   1.3728880e+01   5.8468396e+00   3.2691376e+00
   1.1743908e+01   8.3279991e+00   2.0240847e+00
   7.0531583e+00   5.4764098e+00   3.1380756e+00
  -2.9483682e+00   5.1370296e+00   3.6481278e+00
   1.3109959e+01   6.5612576e+00   1.5447314e+00
   1.2747138e+01   5.0436688e+00   2.1485660e+00
   1.6547460e+01   5.8487426e+00   2.3980229e+00
   1.2544396e+00   4.8694972e+00   4.0967068e+00
  -1.4876588e+00   7.5964146e+00   1.9824366e+00
   5.4620890e+00   5.7843004e+00   3.4217921e+00
   3.2195815e+00   5.5984777e+00   3.1839427e+00
   9.7281140e+00   5.7757128e+00   3.3472853e+00
   1.5254861e+01   7.0300653e+00   3.1115826e+00
   6.3852077e+00   5.6966048e+00   3.2898269e+00
   1.1584827e+01   7.1615650e+00   3.8783532e+00
   2.4403479e+00   5.5238205e+00   2.0504804e+00
   1.1587012e+01   5.3903688e+00   3.0810585e+00
   6.7295477e+00   6.1567526e+00  -5.5464821e-02
   1.6862730e+01   6.6799391e+00   2.2317299e+00
   9.7375288e+00   5.9295300e+00   4.3769970e+00
   1.1421628e+01   5.1297870e+00   3.3469868e+00
   7.8158418e+00   7.4850338e+00   2.6625810e+00
   2.0286255e+01   5.7810326e+00   2.9186654e+00
   1.2020753e+01   5.5782009e+00   4.3899773e+00
   9.7982841e+00   5.1198664e+00   2.3445243e+00
   7.4480866e+00   4.9722243e+00   2.3488632e+00
   7.8426228e+00   3.8249290e+00   3.5650143e+00
  -2.0038540e+00   6.7550532e+00   3.5419226e+00
   9.9634053e+00   5.7002556e+00   4.3832970e+00
   2.9056181e+01   7.3132455e+00   3.9145529e+00
   1.8482010e+01   5.7997660e+00   5.2001942e+00
   4.9779499e+00   7.2990865e+00   3.9650075e+00
   2.6979604e+00   6.5318440e+00   2.2730915e+00
   1.0840962e+01   5.6544114e+00   1.9620360e+00
   7.7895440e+00   4.9135537e+00   3.0253182e+00
   1.6857769e+01   5.2482801e+00   2.0248242e+00
   1.2430902e+01   7.3203286e+00   1.4022702e+00
   1.7138519e+01   7.0930440e+00   3.5870931e+00
   9.5180957e+00   5.3125300e+00   3.6406179e+00
   1.4026391e+01   7.3524506e+00   1.7911856e+00
   1.1413381e+01   5.8798984e+00   3.8121116e+00
   8.3475722e+00   7.2610248e+00   2.4172112e+00
   9.3493367e+00   5.6398397e+00   2.4658982e+00
   1.4023627e+01   4.8355568e+00   3.0691218e+00
   9.6683943e+00   4.8688901e+00   3.8769086e+00
  -8.1793866e-02   5.9877543e+00   3.7973399e+00
   7.2085395e-01   6.9694660e+00   2.2618403e+00
   8.5486445e+00   6.9841026e+00   4.7833155e+00
   1.3310241e+01   5.8927166e+00   4.5144659e+00
   9.6687446e+00   5.9203105e+00   3.4798823e+00
   1.0716348e+01   6.4414694e+00   2.0140918e-01
   1.8144655e+01   6.4381300e+00   3.5997390e+00
   8.6403745e+00   7.7359608e+00   4.4768865e+00
   4.9116187e+00   5.3554661e+00   2.0200834e+00
   5.9485075e+00   5.2959001e+00   9.9477160e-01
   1.2878437e+01   4.9275092e+00   2.2856040e+00
   1.3276221e+01   7.8329881e+00   4.0069412e+00
  -3.1733379e+00   5.9989361e+00   2.3076232e+00
   1.0844616e+01   6.4527559e+00   2.2323361e+00
   3.1951491e+00   6.5974743e+00   6.8879713e-01
  -2.1942482e+00   6.1923714e+00   3.3595436e+00
   6.6849056e+00   6.7339903e+00   3.5274720e+00
   1.5153645e+01   6.0662298e+00   2.5625040e+00
   7.9362028e+00   4.7480656e+00   2.9349894e+00
   9.3629395e+00   7.3174864e+00   2.3029403e+00
   1.3411579e+01   4.5858008e+00   2.9544954e+00
   4.8891622e-01   4.9112744e+00   2.1722245e+00
   1.1438492e+01   6.0625711e+00   2.2991649e+00
   4.0538196e+00   4.8593022e+00   2.5425516e+00
   9.0573453e+00   6.9805560e+00   2.1051228e+00
   1.1458207e+01   6.4494321e+00   3.7885887e-01
  -1.1749105e+00   5.1336797e+00   3.1191706e+00
   3.5032989e+00   6.8786004e+00   4.1729909e+00
   1.1844306e+01   6.4587622e+00   1.8046646e+00
   1.1298362e+01   6.4132861e+00   2.8146783e+00
   7.8635008e+00   6.9293934e+00   3.8568637e+00
   6.3784107e+00   5.1773484e+00   3.7813411e+00
  -9.6594764e-01   6.9838583e+00   3.2150511e+00
   4.8745407e+00   6.3885800e+00   4.0630047e+00
   9.4423954e-01   6.2326604e+00   2.6788516e+00
   8.3402692e+00   6.3195539e+00   2.8884386e+00
   1.4193479e+01   5.9522370e+00   3.7644968e+00
  -8.8075646e-01   5.4873814e+00   5.1381245e+00
   1.1823628e+01   6.6403944e+00   2.3070364e+00
   1.5475669e+01   4.6262231e+00   2.7126671e+00
   1.2165769e+01   5.9276523e+00   2.4822611e+00
   1.0576043e+01   4.2541119e+00   1.5230647e+00
   1.7090378e+01   5.9171599e+00   3.6464523e+00
   1.2671767e+01   5.1998755e+00   2.3109341e+00
   1.2064650e+01   5.7321698e+00   2.3040908e+00
   8.1694566e+00   5.1344674e+00   2.9396241e+00
   3.2194758e+00   5.0991058e+00   5.5766065e+00
   2.6318967e+01   6.6176210e+00   3.1661336e+00
   1.0328794e+01   5.6122518e+00   3.0722401e+00
   3.4587715e-01   3.5597134e+00   3.0666632e+00
   8.5790041e+00   5.4416622e+00   3.4830691e+00
   9.7287644e+00   5.8333790e+00   1.7625911e+00
  -5.4712504e+00   4.4978893e+00   1.0394716e+00
   1.3916201e+01   5.5980517e+00   1.3605641e+00
   5.8639825e+00   5.3013850e+00   1.6942938e+00
   9.9600509e+00   5.2187814e+00   3.3933833e+00
   1.3909272e+01   5.2383707e+00   4.0163233e+00
   1.8702807e+00   5.3459383e+00   3.3294308e+00
   9.5126705e+00   7.5196835e+00   3.3854101e+00
   1.8472810e+01   5.8194065e+00   3.9343470e+00
   1.8153304e+01   5.8972746e+00   2.6342814e+00
   1.4593114e+01   4.9822099e+00   3.6617307e+00
   9.6453365e+00   6.4072865e+00   4.5238237e+00
   5.8330740e+00   3.6518211e+00   4.2224933e+00
   1.1235335e+01   6.0095657e+00   3.5599364e+00
   7.4020364e+00   6.4127389e+00   5.1441894e+00
   1.6707860e+01   5.1233002e+00   2.7781970e+00
   8.6864827e+00   7.6887285e+00   2.7581431e+00
   9.1394437e+00   6.8652404e+00   2.3637205e+00
   9.0885405e+00   5.2578901e+00   3.1568658e+00
   1.6161935e+01   5.9898135e+00   2.8789997e+00
   9.2701660e+00   6.8862326e+00   3.6803531e+00
   1.9069551e+01   7.4297618e+00   2.8548845e+00
   5.1644994e+00   7.8170874e+00   1.8416839e+00
   7.0854469e+00   5.7996092e+00   1.5203796e+00
   1.4140866e+01   6.0232928e+00   2.2455167e+00
   1.1595931e+01   6.2617920e+00   3.0499016e+00
   9.6824904e+00   5.3220262e+00   2.9726024e+00
   4.7065968e+00   6.5359140e+00   2.3187072e+00
   9.9452446e+00   7.5170917e+00   2.2684249e+00
   1.0409093e+01   7.4860540e+00   4.1968700e+00
   8.4138522e+00   5.4508777e+00   2.1949706e+00
   1.5261403e+01   5.8156887e+00   2.7682003e+00
   1.0550250e+00   6.1089050e+00   2.7505854e+00
   7.1415837e+00   6.1968253e+00   3.6266324e+00
  -4.9532822e+00   6.6306784e+00   4.1731525e+00
   1.4644687e+01   6.5264247e+00   3.1946766e+00
   1.2306698e+01   6.5568814e+00   4.5844665e+00
   1.3125837e+01   6.0110603e+00   2.4844464e+00
   1.3879251e+01   6.4307177e+00   2.7396429e+00
   1.2666655e+01   4.6901126e+00   3.2727004e+00
   8.8899162e+00   6.4276518e+00   2.6277349e+00
   1.5983924e+01   6.3596206e+00   2.5523101e+00
   1.8695870e+01   6.8935995e+00   1.2626195e+00
   5.7473658e+00   5.2541460e+00   3.3292842e+00
  -2.5940517e+00   6.8656880e+00   3.9500985e+00
   2.3722867e+01   5.9440755e+00   2.1816087e+00
   1.8103945e+01   6.6520205e+00   1.7926400e+00
   3.2556760e+00   7.8298586e+00   3.6845093e+00
   9.3949845e+00   6.1049847e+00   3.4045575e+00
   8.2056229e+00   5.9543683e+00   2.4341037e+00
   1.2872266e+01   4.0410696e+00   4.1907782e+00
   7.9786183e+00   5.1659308e+00   4.5648680e+00
   1.4641211e+01   7.4575505e+00   3.6798258e+00
   5.8734915e+00   5.1749823e+00   1.9952235e+00
   1.5697961e+01   6.1680104e+00   4.0614757e+00
   8.0999248e+00   6.2958802e+00   2.5145394e+00
   9.0347324e+00   6.8307642e+00   1.9217776e+00
   1.5116085e+01   6.2975689e+00   5.1244930e+00
   1.3859591e+01   8.0350008e+00   3.5318138e+00
   3.9532273e+00   7.1451229e+00   2.4618620e+00
   2.4137007e+01   6.7536682e+00   4.2180447e+00
   1.8225808e+01   5.4646858e+00   2.3602661e+00
   1.6819138e+01   6.7449933e+00   2.8770615e+00
   1.0922926e+01   5.9451703e+00   2.6113033e+00
   1.1228711e+01   4.3831303e+00   2.3533772e+00
   5.0607204e+00   5.0884011e+00   3.8847920e+00
   1.5175833e+01   5.8461812e+00   2.9854976e+00
  -9.7640965e-01   5.9907081e+00   5.2021036e+00
   1.5684713e+01   4.9450038e+00   3.2523549e+00
   1.1035217e+01   6.4735742e+00   3.0902497e+00
   4.1494173e+00   6.3290423e+00   3.0761979e+00
   3.7213460e+00   7.0690936e+00   4.2640030e+00
   1.5722684e+01   5.2535337e+00   1.7778013e+00
   1.5979998e+01   6.2291175e+00   3.5897226e+00
   1.1268556e+01   4.3401332e+00   3.5442040e+00
   1.9250844e+00   7.0076941e+00   1.3186537e+00
   2.2057548e+01   5.3005576e+00   4.1676818e+00
   1.0211452e+01   4.4486759e+00   3.8208591e+00
   8.0242918e+00   3.9832902e+00   3.5551974e+00
   1.0212515e+01   5.9348653e+00   4.0072089e+00
   1.2256952e+01   5.6647133e+00   1.3957431e+00
   9.5428559e+00   5.8166246e+00   3.4755976e+00
   1.1208618e+01   5.1024207e+00   2.0062083e+00
   1.0872570e+01   7.3344408e+00   3.6956366e+00
   1.4772952e+01   5.0118154e+00   3.0975993e+00
   1.0757257e+01   6.8744841e+00   3.6009162e+00
   7.5415510e+00   7.4029498e+00   2.1798067e+00
   6.2303016e+00   6.5240041e+00   3.1547843e+00
   1.0462864e+01   6.4843724e+00   3.3110680e+00
   9.2231354e+00   6.6169072e+00   3.8737396e+00
   8.3333408e+00   7.0615905e+00   5.6993534e-01
   1.3941561e+01   6.0399732e+00   3.2517337e+00
   1.7331162e+01   6.6543433e+00   2.6427797e+00
   9.5585548e+00   7.2124455e+00   2.7550356e+00
   6.2092876e+00   8.2740154e+00   2.4275027e+00
   6.4330801e+00   7.1528169e+00   3.0180356e+00
   9.5990303e+00   6.0966859e+00   4.5270018e+00
   8.6448699e+00   4.5087651e+00   2.9665087e+00
   5.0253696e+00   4.5798055e+00   2.5968698e+00
  -5.4418642e-01   5.9320499e+00   3.4452550e+00
   1.0109649e+01   6.4658157e+00   3.2820488e+00
   1.2942336e+01   5.1370708e+00   2.4947997e+00
   8.3996159e+00   4.9845892e+00   1.4360281e+00
   9.6242607e+00   6.0829772e+00   3.3505889e+00
   7.2705964e+00   6.1741590e+00   2.2834102e+00
   4.7435595e+00   5.5643998e+00   2.8649943e+00
   9.6843411e+00   4.6896794e+00   2.8089391e+00
   1.0227700e+01   5.2942389e+00   3.4978259e+00
   1.4910773e+01   6.6731611e+00   2.7110481e+00
   8.3303188e+00   5.9931351e+00   1.9249019e+00
   1.1459439e+01   4.4366908e+00   4.5590392e+00
  -3.4569969e+00   6.3941045e+00   3.5880324e+00
   1.1624798e+01   7.7060771e+00   5.4758922e+00
   6.5068508e+00   5.1855972e+00   2.0950128e+00
   1.1272928e+01   6.6099255e+00   4.6391521e+00
   3.5076117e+00   7.2383944e+00   3.4982556e+00
   1.0899520e+01   4.8311648e+00   3.6276711e+00
   6.7929820e+00   6.7453544e+00   3.4849336e+00
   8.8305136e+00   4.5030357e+00   3.9377823e+00
   1.3752757e+01   6.5542431e+00   3.2894570e+00
   1.3991235e+01   3.9361827e+00   4.1221569e+00
   1.3192288e+01   4.5412812e+00   2.2912927e+00
   1.2224392e+01   6.4425407e+00   1.5740651e+00
   9.6506894e-01   5.6256922e+00   3.0198450e+00
   1.5196136e+01   6.7227487e+00   4.0851932e+00
  -5.9876440e-02   6.0282750e+00   3.3187107e+00
   4.0551832e+00   5.7522471e+00   2.9771416e+00
   1.3454058e+01   4.7176814e+00   2.3752425e+00
   6.5371874e+00   5.9338241e+00   2.0899183e+00
   1.1629010e+01   5.7383306e+00   4.8437582e+00
   1.1400105e+01   5.7940586e+00   3.0054203e+00
   1.1433347e+01   6.8145263e+00   2.6728610e+00
   2.1546688e+01   4.4183000e+00   3.1646656e+00
   7.2178513e+00   5.8578303e+00   2.2885394e+00
   3.5233506e+00   6.2603611e+00   2.5881770e+00
   1.2824295e+01   7.4908243e+00   2.7325594e+00
   5.9253121e-01   5.0055714e+00   4.0651128e+00
   7.3148828e+00   6.7709097e+00   4.2206107e+00
  -4.9555131e-01   6.4030766e+00   2.7463232e+00
   3.8067030e+00   7.7873560e+00   6.1223969e+00
   1.4520429e+01   6.1102090e+00   3.8322550e+00
   1.2060341e+01   5.6301583e+00   2.0470569e+00
   8.2695087e+00   6.4484970e+00   5.8292156e-01
   8.1781653e+00   6.1650497e+00   5.5119508e+00
   1.6145183e+01   5.7380112e+00   3.8528963e+00
   1.4378125e+01   5.1523917e+00   1.7464435e+00
   1.1130894e+01   7.6216158e+00   2.9298978e+00
   1.4286221e+01   7.6107218e+00   4.3705182e+00
   1.4513116e+00   5.8656240e+00   1.3928804e+00
   8.5469826e+00   4.5899491e+00   2.1812708e+00
   1.5246116e+01   5.4008901e+00   3.5429943e+00
   1.1390815e+01   5.9316497e+00   3.8139997e+00
   6.6089283e+00   6.2697186e+00   3.3315458e+00
   6.4707160e+00   6.4414971e+00   3.4282014e+00
  -1.7682278e+00   6.4739311e+00   3.0426228e+00
   7.4174979e+00   5.7480190e+00   4.4854504e+00
   1.3304975e+01   5.7175781e+00   2.2218971e+00
   1.5351149e+00   5.6652942e+00   3.8575597e+00
   8.9560223e+00   7.3761350e+00   4.1249176e+00
   3.1988627e+00   5.0663729e+00   3.1377153e+00
   1.5511473e+00   6.8566349e+00   3.2307233e+00
   1.4400450e+01   5.2382064e+00   3.8783697e+00
  -1.0698646e+00   6.3567391e+00   3.6581752e+00
   1.1434280e+01   6.2677958e+00   2.4916516e+00
   1.9991735e+01   6.9788410e+00   2.1363032e+00
   7.9655011e+00   6.1132076e+00   1.1913549e+00
   7.7650296e+00   2.6444443e+00   2.4901693e+00
   1.4373505e+01   4.4209382e+00   1.8604124e+00
   1.1526294e+01   6.4165599e+00   1.5362795e+00
   6.2131572e+00   5.3139341e+00   1.3685347e+00
   2.7104600e+00   5.4535409e+00   2.0480638e+00
   5.1029340e+00   5.4887810e+00   1.1267707e+00
   7.3366940e+00   7.8045311e+00   3.5849862e+00
   5.3080842e+00   4.9268534e+00   3.2115804e+00
   1.5254268e+01   4.2672745e+00   1.5521576e+00
   1.8623551e+00   6.5054231e+00   1.5626821e+00
   1.4117844e+01   6.9616340e+00   2.0424746e+00
  -1.9089039e+00   7.0460685e+00   4.8981710e+00
   6.8956639e+00   6.2172575e+00   4.0031440e+00
   1.1689365e+01   6.6899361e+00   4.6448886e+00
   1.6905019e+01   6.0840455e+00   4.2068204e+00
   1.7608856e+01   7.5469395e+00   3.9376628e+00
   8.7103133e+00   5.2039437e+00   4.4044747e+00
   1.6320412e+01   4.8900050e+00   4.1756841e+00
   1.8324615e+01   5.5887442e+00   3.2089289e+00
   2.2098405e+01   6.3471805e+00   5.4889883e+00
   1.3920776e+01   5.9450406e+00   5.1628838e+00
   6.3696721e-02   4.1064286e+00   4.0171181e+00
   9.0840899e+00   6.8382624e+00   1.9721672e+00
   1.7082425e+01   5.7112156e+00   4.1218062e+00
   2.2770268e+01   4.4896315e+00   2.4526059e+00
   1.1515194e+01   4.8897713e+00   2.4077128e+00
   7.1164252e+00   7.8105470e+00   4.3199398e+00
   9.0806846e+00   5.5267374e+00   5.6522564e+00
   1.3568485e+00   4.2832116e+00   3.3493206e+00
   1.5472345e+01   6.4660829e+00   3.5331762e+00
   1.8758614e+01   6.8162544e+00   2.3961527e+00
   1.0873442e+01   5.7636500e+00   2.0264710e+00
   6.8615045e+00   6.7203805e+00   2.3491142e+00
   2.3243161e+01   5.4204215e+00   3.6824191e+00
   1.4122050e+01   6.5735629e+00   1.9135882e+00
   1.4976799e+01   4.8138962e+00   1.5898880e+00
   1.2609640e+01   5.8765843e+00   2.1883549e+00
   1.1806649e+01   5.8803338e+00   5.4264417e+00
   5.7464058e+00   7.9213899e+00   4.7470293e+00
   1.3010927e+01   5.0619620e+00   3.5829570e+00
   1.1694534e+01   4.7096326e+00   3.8020819e+00
   9.8261012e+00   6.0732406e+00   1.5555486e+00
   7.4363903e+00   5.3151167e+00   3.0921324e+00
   1.2759311e+01   5.9631201e+00   2.5723041e+00
   8.7628352e+00   5.2329232e+00   3.5754304e+00
   1.5002738e+01   4.3438485e+00   3.1653199e+00
   9.4000270e+00   5.3758528e+00   2.2604134e+00
   5.8928895e+00   5.5025356e+00   2.7666687e+00
   2.3192756e+01   5.6354728e+00   2.0165696e+00
   1.3695102e+01   5.9316417e+00   2.0804992e+00
   1.2051804e+01   6.3022914e+00   3.7178027e+00
   1.3546262e+01   4.4769790e+00   4.9396590e+00
   1.1191004e+01   4.8828668e+00   3.6165093e+00
   1.7603756e+01   4.4603924e+00   4.3073059e+00
   9.4291963e+00   4.4017556e+00   3.0008616e+00
   2.4176974e+00   6.9920632e+00   2.5825711e+00
   1.0470732e+01   7.3864873e+00   3.9114347e+00
   1.9890240e+01   4.9956751e+00   3.5647231e+00
   1.4532525e+01   4.3428385e+00   2.4520243e+00
   1.7691018e+01   6.4501328e+00   2.6227327e+00
   6.6006202e+00   6.5006225e+00   2.9053292e+00
   2.3734204e+00   5.9266090e+00   3.9677789e+00
   1.1178885e+01   5.2648821e+00   2.1022473e+00
   1.2122314e+01   6.7884386e+00   2.6113936e+00
   1.0238654e+01   5.9414964e+00   5.0328339e+00
   1.5139745e+01   6.8800487e+00   1.7510903e+00
   1.1075897e+01   6.7556965e+00   3.8506434e+00
   1.3224955e+01   6.2252177e+00   1.8208569e+00
   5.4740829e+00   6.6445626e+00   3.3989222e+00
   8.3735987e+00   5.2554160e+00   2.7260404e+00
   9.9413007e+00   6.8400196e+00   1.6069981e+00
   9.0796762e+00   7.8686461e+00   2.7830890e+00
   1.0080238e+01   7.4146114e+00   8.7713350e-01
   1.8101345e+01   5.2877744e+00   3.8623341e+00
   1.5552180e+01   5.9796143e+00   5.6061574e-01
   5.7649612e+00   6.0639014e+00   5.1288927e+00
   7.1109345e+00   5.9100736e+00   1.3263503e+00
   9.4409195e+00   5.1193034e+00   2.6299312e+00
   1.5481829e+01   4.1268773e+00   3.8881956e+00
   1.1986162e+01   5.5035821e+00   3.5897325e+00
   7.8144945e+00   5.7742099e+00   2.9375835e+00
   3.2255671e+00   5.7072811e+00   1.1238404e+00
   1.4893665e+01   5.4027831e+00   2.0020700e+00
   4.5530405e+00   7.5858902e+00   3.1922632e+00
   4.3193415e+00   6.5639153e+00   2.0115039e+00
   2.0699778e+01   7.0923977e+00   3.0363644e+00
   8.2620861e-01   4.8189614e+00   1.9522861e+00
   1.4989619e+01   4.6103220e+00   3.8771249e+00
   3.7695135e+00   5.4265461e+00   2.7997184e+00
   6.6754697e+00   7.3955791e+00   4.2741861e+00
   7.3045590e+00   4.0463451e+00   3.8034590e+00
   1.6596052e+01   6.0570961e+00   1.2188026e+00
   7.0513993e+00   6.5158691e+00   1.9582570e+00
   6.3117169e+00   6.4573726e+00   3.0169999e+00
   4.9641656e+00   6.8968468e+00   4.0221857e+00
   1.0064932e+01   6.1416027e+00   2.3701101e+00
   2.2378002e+01   5.5310757e+00   4.0908095e+00
   1.0516768e+01   5.4858874e+00   2.9326788e+00
   6.5632274e+00   5.7068375e+00   4.2389174e+00
   7.2491365e+00   4.4018185e+00   2.1231745e+00
   7.2659855e+00   6.2552071e+00   8.1786122e-01
   1.1816906e+01   5.7082723e+00   3.6858740e+00
  -2.8328741e+00   6.9744003e+00   3.6836843e+00
   1.4989235e+01   5.0336805e+00   2.2531931e+00
   1.4008611e+01   6.3344795e+00   2.5582805e+00
   6.9819747e+00   4.2020590e+00   2.8412700e+00
   1.5731841e+01   7.0697569e+00   4.9061273e+00
   1.0787402e+01   5.5862241e+00   2.9116139e+00
   1.0312657e+00   3.1658096e+00   2.9245207e+00
   1.4717533e+01   6.6749770e+00   1.1643958e+00
  -3.3096036e+00   5.6821209e+00   2.2648237e+00
   1.1784126e+01   5.7533526e+00   1.8863190e+00
   1.2330745e+01   5.4789753e+00   2.5901699e+00
   1.2136555e+01   7.0873932e+00   2.1224682e+00
   6.9525187e+00   6.1626575e+00   4.0956242e+00
   7.7740676e+00   8.0748387e+00   5.0985453e-01
   4.1119735e+00   5.1408829e+00   3.7146273e+00
   7.1387955e-01   5.4388376e+00   3.8799872e+00
   1.2976720e+01   7.5123615e+00   2.0757971e+00
   1.1830870e+01   4.4058156e+00   3.0842882e+00
   9.1467334e+00   6.4064082e+00   1.3866846e+00
   1.3470738e+01   7.0832764e+00   2.9148435e+00
   8.9665094e+00   4.8365004e+00   2.4256924e+00
   3.3558508e+00   5.0168563e+00   3.4639227e+00
   4.6270279e+00   4.9546416e+00   3.4547986e+00
   8.2839890e+00   8.5644104e+00   3.4760058e+00
   1.7583893e+01   5.7646398e+00   2.8118812e+00
   2.3890301e+01   4.4410596e+00   2.3407083e+00
   1.1268755e+01   7.1999760e+00   3.3914941e+00
   1.3736563e+01   6.7268917e+00   3.4635737e+00
   5.9603497e+00   6.1951758e+00   5.4327049e+00
   8.3394503e+00   6.3767895e+00   3.4745252e+00
   4.0060867e+00   7.5298614e+00   3.6238339e+00
   9.2493114e+00   6.6192020e+00   2.6337514e+00
   1.8322490e+01   6.4508489e+00   4.0861491e+00
   1.2036322e+01   6.3206064e+00   3.3291574e+00
   5.0087156e+00   6.2069513e+00   4.7172674e+00
   4.5887776e+00   6.0759230e+00   5.0869890e+00
   1.1679549e+01   4.9222106e+00   3.5948320e+00
   1.2414174e+01   6.4112796e+00   3.1811367e+00
   7.5110946e+00   5.8115128e+00   3.0989872e+00
   7.8414751e+00   6.7627584e+00   3.4670945e+00
   1.3651785e+01   5.4419117e+00   1.4894300e+00
   5.2973516e+00   6.4876758e+00   2.5652823e+00
   1.2203635e+01   6.0620702e+00   2.4287941e+00
   1.0726218e+01   7.6462298e+00   3.8814690e+00
   8.7042507e+00   6.6284868e+00   4.1685749e+00
   3.5963594e+00   5.1933064e+00   3.1287572e+00
   3.9735816e+00   6.5602475e+00   3.2901636e+00
   1.5087901e+01   7.5240702e+00  -3.9463391e-02
   1.9428513e+01   4.0413675e+00   2.0444992e+00
   9.5293546e+00   6.4109071e+00   1.2228544e+00
   4.3141096e+00   7.1039448e+00   3.0987133e+00
   1.5618064e+01   6.6615918e+00   1.6000412e+00
   1.8737564e+01   6.6739322e+00   1.8685551e+00
   1.6305993e+01   6.5653324e+00   2.9912999e+00
   2.1052603e+01   5.3166612e+00   2.0184608e+00
   1.0543065e+01   4.6388061e+00   4.2555373e+00
  -7.4598377e+00   6.0464384e+00   2.8176530e+00
   1.4734982e+01   5.6529955e+00   3.0618577e+00
   1.6267781e+01   5.6582907e+00   3.8632962e+00
   1.1234466e+00   6.8407989e+00   4.3792183e+00
   7.6916720e+00   7.2974564e+00   2.9748737e+00
   1.5785623e+01   6.8506395e+00   4.3923240e+00
   7.0920645e+00   5.7758049e+00   4.4882814e+00
   9.7255731e+00   6.3357920e+00   4.8254842e+00
   6.0981959e+00   7.6190956e+00   1.9724542e+00
   9.0432153e+00   7.3321510e+00   3.0500518e+00
   1.4979163e+01   6.7693231e+00   4.1355179e+00
   4.3435185e+00   5.8983701e+00   3.2963858e+00
  -1.9037290e+00   4.8069457e+00   4.7944978e+00
   6.5196435e+00   6.5479168e+00   1.9689016e+00
   3.7210940e+00   6.1458451e+00   2.5212601e+00
   1.4442204e+01   6.6401275e+00   2.3446572e+00
   5.9253272e+00   4.8598194e+00   2.4755017e+00
   1.2488645e+01   6.1246867e+00   2.2573457e+00
   8.9606214e+00   4.5329229e+00   2.0295109e+00
  -1.5713497e-01   6.1393115e+00   1.8159712e+00
   1.6443456e+01   5.5809135e+00   2.5429576e+00
   9.2530890e+00   6.2203280e+00   2.0658466e+00
   9.2250711e+00   6.5240359e+00   2.2752585e+00
   1.3247942e+01   5.6237684e+00   2.8535726e+00
   1.3547756e+01   6.4784823e+00   1.3720074e+00
   5.0829889e+00   5.2311020e+00   1.6478387e+00
   1.2658279e+01   5.7880553e+00   3.4678932e+00
   1.3206727e+01   7.2347549e+00   1.9547206e+00
   1.9512896e+01   5.2508074e+00   2.7350537e+00
   5.1264375e+00   6.9563474e+00   2.5800288e+00
   1.1134135e+01   6.6039206e+00   4.2067626e+00
   1.8823505e+01   6.0953983e+00   1.1736689e+00
   7.8692636e+00   6.7132364e+00   2.0730037e+00
  -2.7422183e+00   7.1572589e+00   3.1463538e+00
   1.3454903e+01   5.0738796e+00   3.3159445e+00
   1.2078395e+01   6.9470066e+00   2.2076657e+00
   2.6360189e+00   7.5284574e+00   3.9373684e+00
   3.6558773e+00   5.0722916e+00   1.9784352e+00
   1.8003196e+01   6.4457879e+00   2.0416023e+00
   2.7718995e-01   5.1391137e+00   2.4648601e+00
   1.3896448e+01   6.0491891e+00   3.6864135e+00
   5.0873528e+00   5.4590115e+00   2.8444116e+00
   1.4615605e+01   5.9821921e+00   2.7351800e+00
   2.1485012e+00   6.0610495e+00   4.7148824e+00
   9.7972813e+00   4.3386113e+00   4.2292724e+00
   1.9191857e+01   4.4626102e+00   1.8635853e+00
  -1.0925014e+01   1.5173787e+00   4.3629562e-01
  -8.0262860e-02   2.9349339e-01   3.6968932e-01
  -6.3518948e+00   8.8423378e-01  -9.5879606e-01
  -6.8742248e-01  -8.7222130e-01   4.7533346e-02
  -3.5134467e-01   1.0286814e+00   7.5056515e-01
  -6.7002827e+00  -3.1103386e-01   1.5041939e-01
  -1.2840246e+01  -9.8646966e-01   1.5383558e+00
  -3.2855454e+00  -8.7324343e-01   1.5265352e-01
  -1.4539698e+00   6.0960718e-01   9.9702020e-01
   5.3000369e+00  -1.9823628e+00   4.8978732e-01
   2.3704193e+00   1.9525658e+00   7.0500124e-01
  -6.4082681e+00   2.0835691e-01   1.3027940e+00
   3.8372143e+00  -5.7722744e-01   1.2624896e+00
   4.2954298e+00  -2.8455531e-01  -1.4144036e-01
   1.2663298e+01  -2.1267138e-01   3.0516536e-01
  -1.1421124e+00  -1.2727113e+00   5.4416129e-01
  -9.8563066e+00   6.0587078e-01  -2.8288176e-01
   4.9620685e+00   5.9631906e-01   5.6323329e-03
   6.2633152e+00  -3.8325639e-01  -1.9920097e+00
  -6.7242717e+00  -1.7941804e-01   9.3087548e-01
   3.4348814e+00   1.6791811e+00   1.0702886e+00
  -2.2141795e+00   8.6125556e-01  -6.0072846e-01
  -2.6515180e+00   4.3415731e-01   1.0530817e+00
   1.8784059e+00  -2.1124521e+00   1.6068519e+00
   2.9586772e+00  -1.0388065e+00  -2.5619502e-01
  -2.3590017e-01   3.7056628e-01  -2.2466424e-01
   5.0768068e+00   1.3294924e+00  -1.7621530e-01
   3.7648520e-01   6.4740133e-02  -8.0338495e-01
  -3.5911249e+00   6.9239072e-01   1.0601228e+00
   2.1819273e-01  -1.4023624e-01   7.0572358e-01
   1.6504784e+00  -1.4499028e+00   1.7611971e+00
  -2.8775713e+00   1.2869130e+00  -9.7039606e-01
   9.9563235e-01   3.7263608e-01   1.7211689e-01
   5.8166894e+00   1.4487090e+00  -1.8407871e+00
  -2.7671133e+00   1.9439587e-02   1.1815079e+00
   2.9141491e+00   1.2857860e-01  -7.0037758e-01
   8.5092138e-01   1.5032131e-01  -1.2474223e-01
   4.6526029e-01   3.6887038e-01  -7.6252941e-01
  -1.6142654e+00   1.4566071e+00   4.1987610e-01
   3.8495185e+00   7.3914491e-01  -3.2039816e-01
   2.5144352e+00  -1.6043308e+00  -2.7294587e-01
  -1.8268382e+00  -4.0171488e-01   3.2902779e+00
  -3.1479644e+00  -1.5722544e-01  -1.5481811e+00
  -6.0948817e+00  -4.4377933e-01   9.9299325e-01
   9.5395484e+00   1.0446636e+00  -2.4822785e+00
  -1.7597139e+00   1.0282504e+00  -7.6027362e-01
  -8.1180008e-01  -4.7604314e-01   9.9691107e-01
   5.8916021e+00   6.8353148e-01   1.9955520e+00
   3.5428468e+00   1.4436923e+00  -1.7448581e-01
  -5.6416258e+00  -2.3744558e+00   1.1792191e+00
  -5.4896867e+00   1.5496840e-01   3.0335366e-01
  -5.7879141e+00   6.6812907e-01   6.7373678e-01
   2.0715084e+00  -2.1496306e+00  -6.0114268e-01
  -6.2543799e+00  -5.4446949e-01  -3.2766152e-01
   1.0176455e+01  -2.1498618e+00   7.5797698e-01
  -3.9833443e+00  -1.2211469e+00   1.5533301e+00
   3.9804668e+00  -3.2033444e-01   1.3171810e+00
  -3.7601100e+00   1.2086925e+00  -1.1232362e-01
  -6.1630465e+00  -4.8131645e-01   1.2103656e+00
   8.2283569e+00  -3.2457763e-01   1.8532769e+00
   2.7162029e-01  -1.0614149e+00  -3.6882312e-01
  -1.2098163e+01   6.6412267e-01  -7.1735552e-02
  -1.3829694e+01   4.4271156e-01   6.1286403e-02
   1.1759870e+01   1.9400614e-01   2.2169764e+00
  -6.9879654e+00   1.4843257e+00   7.9419762e-01
  -3.1371937e+00  -4.4935397e-01  -1.1821846e+00
  -6.0200931e+00  -1.0587221e+00   8.8648552e-01
   8.1823390e+00  -3.1136916e-01  -4.9878640e-01
  -8.4047442e+00   5.6644191e-01   8.6775130e-01
  -2.6815281e+00  -1.0302283e+00   1.3779914e+00
   8.1241340e+00   1.5930320e+00  -3.8020972e-01
   5.4463248e-01  -2.1297825e+00  -5.4022410e-01
  -7.9197815e+00  -9.2111553e-01  -6.5282412e-01
   7.9311509e+00  -4.8524451e-01  -8.0213092e-01
  -1.9967630e+00  -1.9190027e+00  -1.4196676e+00
   7.3836160e+00  -4.6520178e-01  -2.0484025e+00
   8.0779279e+00  -6.3654003e-01  -1.3012829e+00
  -5.0541666e+00  -4.7670978e-02  -4.9771150e-01
  -1.6307600e+00   8.2456546e-01  -6.5948077e-01
  -3.5435488e+00   1.3136394e+00  -6.3109090e-01
   5.6939641e+00  -3.2352081e-01   3.3357634e-02
   1.7251013e+00   2.0664876e-01   9.9952812e-01
   2.4274197e+00  -7.6798759e-01  -1.1061441e-01
   1.0306576e+01  -1.9982724e-02   4.1663743e-01
  -4.1464851e+00  -5.4626004e-01   9.9898137e-01
   1.5189445e+00  -2.4951096e-01  -7.7675758e-01
  -2.3257599e+00   4.8895637e-01   6.3171409e-01
  -4.0954564e+00   1.5894303e-01   1.4330629e-01
   5.0823062e+00  -3.8455586e-01  -1.2208924e+00
   4.0923854e+00   6.8052784e-01  -2.9721931e-01
  -3.1372234e-01  -2.6731635e-01  -7.0955862e-01
  -1.4228124e+01  -1.2087378e+00   5.0356713e-01
  -2.6705925e-01  -5.3042179e-01  -8.1278828e-02
  -3.6925539e+00  -5.9936974e-03   4.7831421e-01
   1.3513716e+00   1.6951710e+00  -5.5216000e-02
  -3.5372253e+00   5.1423455e-01  -4.9988769e-01
  -3.1685758e+00  -4.4472890e-01  -2.4373187e+00
  -6.2603113e+00  -4.5061165e-01   3.4720493e-01
  -8.3623129e-01  -1.1473816e+00   2.7682124e-01
   5.7287795e+00  -3.7501872e-02   2.6930769e+00
   4.7365505e+00   6.7757377e-01   6.6615430e-01
   5.5428117e+00   1.0218822e+00  -2.9234243e+00
  -3.5342111e+00   5.1843208e-01   4.4257139e-01
   2.8708731e+00   2.5002625e+00  -1.4110247e+00
  -1.4790701e+00   2.7110671e+00  -1.1229167e+00
  -8.9321858e+00  -7.1574671e-01  -1.3197406e+00
   2.2506728e+00   1.2082339e+00   1.4093121e+00
   3.7903006e+00  -9.3702318e-01  -3.0471951e-02
   6.8934259e-01  -5.8886953e-01  -2.3769782e+00
  -8.1260511e+00   8.2080320e-01  -1.3618735e+00
   4.8875650e+00   4.2737725e-01   4.4584223e-01
   8.6353638e-02  -2.2618720e-01   1.8786760e+00
   5.9058887e+00  -1.3388211e+00   5.6532238e-01
   3.7265619e+00   5.0906485e-01   5.2160740e-02
   7.8784073e-01   3.5566626e-01   8.1140782e-01
   2.4570924e+00   8.2622071e-01  -1.5190019e+00
  -7.0862100e+00  -2.3260801e+00  -8.0540221e-01
  -5.1858293e+00   3.2848547e-01   5.4573652e-01
   3.9307224e+00   1.0940600e+00  -5.5643773e-01
   5.1327488e+00   3.2066704e-01  -1.2856490e+00
  -5.3243181e+00   1.2860922e+00  -1.8868189e+00
   5.6102953e-01   6.1978765e-01  -9.3645775e-02
   4.1767368e+00  -1.0458559e+00   1.2562564e+00
  -5.0729951e+00  -7.0339128e-01   1.3129166e+00
   6.6391110e-01  -6.6460752e-01   2.6272513e-01
  -8.8917509e+00   4.8178029e-01  -5.1251494e-01
  -1.0198719e+01  -2.4683299e-01   8.4627705e-01
  -7.2655703e+00   3.6984137e-01   7.0364651e-01
   8.9047702e+00  -2.8708600e-01  -1.3803055e-01
   2.3191689e+00  -7.4233545e-01  -7.8171441e-01
  -9.4470726e+00  -3.2050443e-01   4.9421733e-02
   7.0810811e+00   2.1413385e+00  -8.4496387e-02
  -1.1843739e+01  -1.6737577e+00   2.9572323e-01
  -2.8750157e+00   2.1250812e-01  -1.8923298e-01
  -1.0116921e+01   8.8741972e-01   2.0375686e+00
  -6.5388642e+00  -1.5638191e+00   5.8303043e-01
  -1.1995608e+01  -2.6763077e-01  -1.2350129e-01
  -1.9513226e+00   1.3076426e+00   7.1680975e-01
  -3.1434665e+00   2.8119361e-01  -2.0014233e+00
  -3.2136323e+00  -3.9629277e-01  -1.0652917e+00
   4.5465331e+00   2.3295554e-01   5.9410546e-02
  -6.5453180e+00   2.1729072e+00  -4.0410159e-01
   4.9084301e+00   1.1942403e-01  -3.1902541e-01
  -4.7948713e-01   9.6674234e-01  -4.4430395e-01
   1.8010765e-01   3.4383864e-01   5.5276821e-01
   3.7270622e-01  -9.2019471e-01   4.4183348e-01
   7.6361528e+00   9.7915180e-01  -9.2424269e-01
  -4.8269031e+00  -3.2240244e-01  -3.8813032e-01
   8.6234856e-01  -2.8063187e-01  -2.8087541e-01
  -3.5601038e+00   1.0813961e+00   6.3742077e-01
  -6.5619206e-01  -3.7257187e-01  -1.6386694e+00
   5.8909438e+00   1.3583122e+00   3.1795279e-01
   3.7104739e+00   7.7212663e-01   1.4838785e-01
   1.6612844e+00   6.3888532e-01   1.9553243e+00
   1.9350826e+00  -5.6051085e-01   3.9932548e-02
   5.3644843e+00   4.8320758e-01  -4.4604057e-01
  -1.0646349e+01  -7.6255811e-01  -1.4321518e-01
  -5.6110274e+00   4.4860750e-01   2.0799922e+00
  -5.3401419e+00  -5.0332867e-01  -7.3976762e-01
   1.3758212e+01  -5.8676794e-01   3.0988487e-02
  -7.0308622e+00  -4.4114515e-01   2.5817451e-01
   1.4852153e+00  -1.9192230e-01  -4.7830573e-01
   9.8530526e-01  -1.4097236e-01  -7.5381723e-01
   3.8684952e+00  -1.7706166e+00  -1.0640697e+00
  -7.5929353e+00   1.0979988e+00  -6.2959900e-01
   2.2037127e+00  -1.0505898e+00   2.4149835e+00
   4.7162824e-01   9.8685583e-02   2.6965205e-01
   1.0540206e+00   1.8688984e+00   6.3809531e-02
  -2.2272798e-01  -4.2378361e-01   7.7694600e-01
  -2.0631186e+00   9.2615570e-01   7.8813976e-01
   2.7373342e+00   1.8754854e+00  -8.3405833e-01
  -1.0245531e+01  -9.0567109e-01  -1.1799557e+00
   8.1980747e-01  -8.1043297e-01   1.6077507e+00
   6.1628748e+00  -8.2870993e-01   2.9691640e-01
   9.4683722e+00   1.1605242e+00  -2.0236847e+00
  -1.7152794e+01   3.1437660e-01   1.1746357e+00
   1.1022238e-01  -3.8928110e-01  -1.2547262e+00
  -4.0512498e+00   7.4124554e-01  -8.5467094e-01
   2.2846148e-01   2.6923271e-01   6.1774039e-01
  -4.2179278e+00  -1.7641906e-01   1.0894752e+00
   9.8839663e-01   1.1413206e+00   8.6583188e-01
  -9.4195859e+00  -4.0696890e-02   3.2188587e-01
   2.8213298e+00   5.9759560e-01   1.0488683e+00
   5.6683830e+00  -1.4887447e+00  -1.8621581e+00
  -3.2271554e+00   8.6995997e-01  -4.8097625e-01
  -1.5579215e+00   9.5597896e-01   8.4569381e-01
   7.6000543e+00  -9.5349938e-01   1.9862613e+00
  -1.2231070e+00  -4.2172677e-01  -1.7024305e+00
   4.8401939e+00   1.5463141e+00   1.5207509e-01
  -7.2097367e-01  -6.9802532e-01  -1.5684948e-01
  -4.6394188e-01  -5.2548472e-01   9.3893265e-01
  -5.8971673e+00  -1.4190874e-01  -2.9726410e-01
  -8.6918132e+00  -1.9458227e-01  -1.2175597e+00
  -6.2672719e+00   1.5633930e+00  -1.3122182e-02
  -5.9196468e+00  -5.3518720e-01   1.2105396e+00
   1.6125260e+00  -3.0166548e-01   1.3118827e+00
   1.2033590e+00   4.1611011e-02  -1.3863363e+00
   3.1307109e+00   1.3406414e+00   2.5543218e+00
   5.2451431e+00  -3.1730960e-01   3.2938351e-01
  -1.3999078e+00  -6.1954755e-01   1.2285999e+00
  -5.4572762e+00  -1.6835034e+00  -1.1852189e+00
  -2.9304119e+00   3.6967632e-01  -2.0902660e-01
   7.3615374e-01   2.7158959e-01  -9.4840756e-01
   2.5423847e+00   1.4891851e+00   4.2982912e-01
   3.9678805e+00  -1.5158583e-01  -1.9104612e+00
  -8.2719981e+00  -1.2541001e+00   1.1721730e+00
   3.8470984e+00   3.4428211e-01  -7.6869016e-01
  -2.4421122e+00  -2.7857428e+00  -3.3658569e-01
   1.2862774e+00  -8.0802055e-01  -6.8281557e-01
   3.9590628e+00   1.2826951e+00  -5.6383984e-01
  -5.2356241e-01   1.0979508e+00   7.7371891e-01
  -5.8167696e+00  -1.1742774e+00   1.7790775e-01
   7.7857441e+00  -5.5188045e-01   5.9728024e-01
  -3.8620269e+00  -1.6470164e+00   2.2833210e-01
   8.4287972e+00   1.4468230e-01  -7.9874034e-01
  -2.1694225e+00   9.1219627e-01   9.3404145e-01
  -1.3734204e+01  -1.3449399e+00  -8.0671252e-01
  -1.6250265e+00  -1.1287720e+00   7.0005848e-01
   6.5884645e+00  -1.1687159e+00  -5.1418865e-01
  -3.4359057e+00  -1.2817769e+00  -1.2738786e+00
  -1.1531652e+01   1.2651337e+00   1.3683531e+00
  -6.2034595e+00   5.7805857e-02  -7.0126959e-01
   1.2483264e+01  -8.1233192e-01   1.3511975e+00
   4.2208164e+00  -4.5766041e-01  -5.8745058e-01
   3.1208202e+00  -1.2219429e+00   8.4819833e-01
  -7.4627132e+00  -2.7715859e-02   6.1221358e-02
  -1.3227649e+00  -6.1823025e-01  -7.4288683e-01
   2.0425052e+00  -1.5930057e+00  -1.0812364e+00
  -2.9974468e+00   4.0757174e-01   1.9695239e+00
   5.5171763e+00   5.1606388e-01  -6.2273122e-01
  -2.7026537e-01  -4.1475953e-01   9.4057362e-01
  -2.2055891e+00  -7.4647656e-01   6.5122949e-02
   4.9947316e+00   6.6978107e-01  -8.0387678e-01
   1.4353312e+01  -1.8403459e+00   4.2147671e-01
  -7.7521464e+00  -2.4696422e-01   2.2700536e-01
  -4.3906173e+00  -7.2956051e-01  -2.5881761e+00
   6.5374270e-02   1.3513402e+00  -1.4868041e+00
  -7.5762577e+00   1.7978314e+00   9.2921888e-01
   6.0563897e+00  -1.0924006e+00   1.1643836e+00
  -5.2797454e+00   1.7698109e+00   3.1387047e-01
   4.1802880e+00  -1.3672507e+00   9.1773480e-01
   1.2529832e+00  -2.1419391e-01  -2.0196012e-01
   3.2606124e+00  -7.0290960e-02   5.2718457e-02
   9.7287198e+00  -6.4806504e-01  -8.5669292e-01
  -7.6440499e+00   6.6100793e-01   1.1630006e+00
   3.7135025e+00  -3.4214866e-01  -1.4481228e+00
   4.1823211e+00   1.1932575e+00  -4.6646335e-01
  -1.7126361e+00  -3.3648984e-01   2.1972881e-01
  -6.5396228e+00   2.6727325e+00   3.5292275e-01
   6.1799959e+00   5.7050268e-01   9.6094552e-02
  -5.3779713e+00   1.0977355e+00  -1.0567626e+00
   3.2518868e+00   9.7135970e-03  -5.8208290e-01
  -2.9135602e+00  -2.5811455e-01   1.2445210e+00
   3.8072117e+00  -4.9530221e-04  -6.3801650e-02
  -9.0539102e+00  -1.7564762e+00  -6.1847466e-01
  -2.7240878e+00   6.2711290e-02   7.6146362e-01
  -7.1762386e+00  -1.6150452e+00  -1.4473196e-01
  -5.0041992e+00   9.6883039e-01  -2.7794508e+00
  -1.7673259e+00   1.1725898e-01  -2.5632613e+00
  -1.0061483e+01   6.1089971e-01   5.4810323e-01
  -5.3090190e+00  -4.6528377e-01   7.9529593e-01
  -8.0719962e+00  -1.3997302e-01   1.8525246e-01
   1.4545616e+01   1.2793412e+00  -9.5474321e-01
   3.6564737e+00  -5.6625726e-01  -8.8277296e-01
   6.3498544e+00  -1.0119189e+00   1.2029288e+00
  -9.8970035e+00   1.3535665e-01   9.6745654e-01
  -2.4704870e+00   2.9561076e-02   8.0558437e-01
  -3.7849218e+00  -3.7553820e-01  -1.6054707e+00
   9.1070555e+00   1.4160103e-01  -9.2544962e-01
   7.6453636e+00  -1.5117190e-01   9.4893104e-01
   8.5714344e-01   7.4218895e-01   1.7260651e-01
  -6.1394475e+00   4.0146475e-01  -8.5326511e-01
  -2.3957509e+00   2.0644562e-01  -1.7394408e+00
   2.1652007e+00   7.1811515e-01   2.6614597e-01
   5.2299249e+00  -4.5946305e-01   8.2166667e-01
   9.4762418e+00  -9.9948673e-01   1.1657644e+00
   3.5686789e+00   9.8021900e-01   8.2745189e-01
  -7.9680436e+00  -3.7826014e-02  -6.4079519e-01
  -7.7076690e+00   6.8551318e-01  -6.0561712e-01
  -6.3829103e+00  -1.1923502e+00   1.0117999e+00
   3.6449350e+00  -9.6406887e-01   4.8823675e-01
  -3.4792055e+00   7.5275066e-01  -5.2769532e-01
   6.0957575e-01   9.2474735e-01  -1.1463279e+00
   5.5764261e+00   2.5473174e+00  -2.1439335e-01
  -1.7066662e+00   8.9872845e-01   3.8881509e-02
  -1.5658834e+00  -1.5904708e+00  -8.2394422e-01
   3.7265067e-01   3.2704145e-02   7.5126039e-01
   8.0992422e+00  -8.4401120e-01   3.6230761e-01
   1.5575507e+00   4.7687409e-02   4.4874062e-01
  -3.2876792e-02  -1.8837380e+00  -1.9934796e+00
   5.3987375e+00   8.4060444e-01  -1.0392087e+00
   1.4798306e+01  -6.2092611e-01   4.9626781e-02
   4.6974375e+00  -5.0112103e-01  -1.6008485e-01
  -6.9533072e+00   2.7717650e-02   7.2377519e-02
   6.8269499e+00   8.6558705e-01   9.1408724e-01
  -5.9894662e-01   2.5441938e+00  -1.8644483e+00
   2.6341793e+00  -1.7070982e+00  -8.6396275e-01
  -4.1455054e+00   1.4371649e+00   1.1515942e+00
  -3.3853480e+00   7.6376306e-01  -9.5001024e-01
   7.6961969e+00  -3.9657457e-01   3.1339006e-01
   7.4341014e+00   3.2755104e-01  -2.0725687e-01
   7.2951648e+00   6.3276950e-01  -1.1378261e+00
  -1.2197346e+00   8.8866189e-01  -4.2103067e-01
  -7.6257448e+00   1.1544133e-01   4.6449059e-01
   6.4138499e+00  -1.6682112e-02  -1.5862725e+00
   9.8688209e+00   1.3879101e+00  -4.4100591e-01
   2.0586011e+00   1.8917727e-02   1.6430948e-01
  -3.2458508e+00   9.8258336e-01  -2.3595159e-02
  -5.4433294e+00  -4.4176006e-01   1.8736364e-01
   4.4752637e+00   1.1402765e+00   5.7478167e-01
   8.7316116e-01   1.0694952e+00  -5.2745548e-01
  -2.9871496e+00   7.7249272e-01  -1.0513019e+00
   4.8161294e+00  -2.3177565e-01  -1.3120983e-01
  -1.3514460e+01   3.3534361e-02  -4.5837892e-02
   1.1096220e+01   2.6113450e+00  -4.8503339e-01
  -7.4511943e+00   7.4673244e-01  -1.5014990e+00
   1.0813735e+01   2.6802561e+00  -4.6228807e-01
   2.3535016e+00  -3.2699136e-01  -1.6324407e+00
   1.2890825e+00  -1.0102400e+00   7.2081638e-02
  -9.9433992e+00  -1.3373288e+00   7.8317266e-01
  -5.6603381e+00   4.8139517e-01   3.7892073e-01
  -2.2476480e+00   1.1199489e+00   7.7953396e-01
  -4.4324883e+00  -4.1203118e-01   4.1275602e-01
  -2.5404940e+00   9.7540694e-01   5.6363955e-01
   4.9897459e+00   8.0254415e-02   3.6282878e-01
  -1.3492501e+00  -1.4178745e+00  -1.3378710e+00
  -6.9666022e+00   8.9655425e-01   1.0153963e+00
   2.4708316e-01   1.8792021e+00   6.4777000e-01
   9.3532112e+00  -5.1263412e-01  -5.9389189e-01
   2.5229063e+00   8.0934231e-01  -1.6676395e+00
   3.4513633e+00   3.8171555e-01  -3.7137604e-01
  -8.7790625e+00  -1.9812017e+00   4.4728309e-01
   2.9006134e-01   2.0098534e+00   1.2597388e+00
   5.1798759e+00  -5.4324162e-02  -3.4507499e-01
  -2.1659183e+00   9.7965611e-01  -8.2185570e-03
  -3.8885345e+00  -3.9609678e-01  -1.0007881e+00
   2.3514951e+00   2.3382967e-01  -6.2117310e-01
  -4.0072249e+00   1.5881789e-01  -2.0564043e+00
   1.1314890e+00   9.7111684e-01   1.1439340e-01
   8.5067100e+00  -6.3218336e-02  -8.1338388e-01
   1.8181128e+00  -1.3534814e+00   1.9586670e+00
  -3.4618909e+00  -5.4010304e-01   6.5185993e-01
   2.0159798e+00  -1.1038510e-01   2.9333870e-01
  -6.4444706e+00  -6.5205034e-01   1.8276726e+00
   5.9328786e+00  -7.5092610e-01  -8.3413671e-01
   7.5974935e+00   7.6018520e-01  -1.0893154e+00
   8.0768828e+00   5.7235870e-01   4.1622307e-01
   4.9930627e-01   3.9458755e-01   2.7263204e-01
   5.4835759e+00  -7.5288330e-01  -7.4339101e-01
  -3.6864978e+00  -1.0440224e+00   2.5696802e-01
  -6.0680732e+00   1.6383499e+00  -6.3743851e-01
  -4.4941561e-01   2.2175673e+00   5.1582854e-01
   2.8442150e+00   9.9771109e-02   6.1078415e-01
   3.5514768e+00   1.0881845e+00   2.6610624e-01
  -8.2167781e+00  -9.8250432e-01  -7.0919186e-01
   2.6971530e+00  -7.5027312e-01  -3.8528462e-01
   1.9938129e+00   4.3853680e-01  -1.5848959e+00
   1.3129335e+01  -9.8177201e-01   8.4228792e-01
  -6.5878098e+00  -6.3033831e-01   8.0419719e-01
   3.2222598e+00  -4.8233032e-01   9.8293304e-02
   5.9936356e+00   9.1541314e-01   1.6737223e-01
   3.3194758e+00   5.5685859e-01   1.1232051e-01
  -1.8299589e+00   2.1027703e-01   4.8695922e-01
  -6.1304513e-01   1.1242152e+00   1.0991592e-01
   3.1554803e+00  -7.5973877e-01   7.4909737e-01
   7.9587182e+00  -3.2427515e-01   2.2097497e-02
  -1.8911214e+00   1.1646206e+00   2.5124519e-01
   1.7030039e+00   1.6714496e+00   1.5577826e-01
  -7.3260054e+00  -4.4463539e-01   1.7993094e+00
  -1.1871021e+01   1.4271839e-01  -4.5543327e-03
   2.8613127e+00   1.1941232e-01   1.1339009e+00
  -1.2876245e+01  -5.2661367e-01  -1.8528682e-01
   3.8772407e+00  -2.2866420e-01   8.6652869e-01
   4.8927593e-01  -2.1770710e+00  -4.1895758e-02
  -5.0069579e+00  -1.1094922e+00  -2.0441470e+00
   1.1651160e+00  -3.0150499e-01  -1.8643195e-01
  -3.9200175e+00   4.2258930e-01  -5.3592630e-01
   5.6292380e+00  -1.2346370e+00  -1.1791815e+00
   4.0795161e+00   1.6225125e-01  -2.7590057e-03
  -2.9123012e+00   1.7184080e-01   2.5610187e-01
  -3.0040973e+00  -1.3386164e-02  -1.0050702e+00
  -3.6224760e+00  -7.6868760e-02  -8.8384120e-01
  -3.8607643e+00  -1.5872795e-01  -1.7309307e+00
   5.0603406e+00   9.1717892e-01   1.5705034e+00
  -1.2673112e+01  -3.2949945e-01  -1.6576017e+00
   7.1507758e-03  -6.5673730e-01  -1.1938931e+00
  -4.3707124e+00   1.6172562e-01   1.3287015e+00
  -7.4299767e-01  -2.5542289e+00  -1.0706026e-01
  -5.1328249e+00   1.2116085e-01   8.3815558e-02
   4.1502049e-01   1.5392894e+00   1.4797485e+00
  -4.4052790e+00  -4.4801506e-01   2.3009172e+00
   1.8186885e+00   1.1829077e+00   2.8351070e-01
  -2.8949469e+00   1.2446484e+00   2.8579950e+00
   1.4026441e+01   2.5475491e-01   7.4008333e-01
  -1.1622968e+01   9.8111028e-01  -3.0096406e-01
   9.4907631e-01  -1.3543449e-01   1.7418014e+00
  -1.1646294e+00   2.3357174e+00   1.5959860e+00
  -7.4434980e-01  -2.6169700e+00   1.2218697e+00
  -6.8915164e+00   2.7798372e+00   1.3139337e+00
   5.4205130e+00   1.1124121e+00   1.7695166e+00
   7.9266159e+00   3.4366051e-01   5.5817276e-01
  -1.2627767e+01  -5.6050298e-01   1.6347108e-01
  -4.7096546e+00  -6.0836388e-02  -1.0798035e+00
  -1.5044812e+00   3.9852179e-01  -4.9338523e-01
  -7.0143078e+00  -2.0089089e-01   1.3080108e-01
  -1.7782181e+00   2.6921454e-01  -1.1962997e+00
   2.1042509e+00   9.0965363e-01   1.3149254e+00
   7.6159141e+00   1.5632897e+00  -9.8367265e-01
   2.1851970e+00  -8.1471410e-01   7.6616153e-01
   6.7621602e+00  -7.8452170e-02  -1.7360710e+00
   1.3629928e+00  -4.6641335e-02  -1.1453491e+00
  -2.9917089e+00  -2.2228119e+00   1.2519860e+00
  -4.5391649e+00  -3.4136600e-01  -1.3415276e+00
  -3.6922838e-01   4.9792102e-01  -6.2482429e-01
   3.2061818e+00  -6.2403360e-01  -6.8319900e-01
   3.1107158e+00   1.2703395e-01   1.1918056e-02
  -8.7399483e+00   7.0755721e-01   1.1386455e-01
  -5.0379436e-01   5.3591755e-01  -1.2944340e+00
   4.9128304e+00   5.5856771e-01  -1.0668157e-02
  -1.0703472e+01   5.1454221e-01  -3.9759724e-01
   9.9646724e+00   1.3789362e+00  -1.0699770e-01
   3.6599078e+00  -6.0349740e-01   3.2192027e-01
  -1.1718675e+01  -5.8731529e-03   1.3495456e+00
   6.0670854e-01  -6.0467104e-01  -6.3901823e-02
  -6.3219968e+00  -6.7018854e-01  -4.5704442e-01
   9.3816799e+00   4.5215031e-01  -1.1214111e+00
   2.5694920e+00   9.3006857e-01   8.2944564e-01
  -1.8405467e+00   1.7181445e-01  -8.6922855e-03
  -3.7367037e+00   8.9312852e-02  -3.2966728e-01
   2.3408996e+00   7.1835493e-01  -2.4164487e-01
   3.6272834e+00   2.4441766e+00   1.0281122e+00
   1.3280113e+01   1.2491227e+00  -4.1370811e-01
   3.9862934e+00  -1.0104790e+00  -1.5501015e+00
  -4.2274324e+00   1.2650638e+00   4.2958971e-01
   1.9530082e+01   5.0843328e-01   4.5548011e-01
  -5.0780699e+00  -5.5488044e-01   4.1987994e-01
   3.4632317e+00   1.3232006e-02  -6.2640367e-01
  -1.0779743e+01   1.7787569e-01   7.9461231e-01
  -1.2560146e+00  -5.1424299e-01   8.4810358e-01
  -2.3237197e+00   6.5979721e-01  -7.7023770e-01
   7.9039936e+00  -7.0981251e-01  -7.6410223e-01
   9.0947801e-01   4.2841992e-01  -4.2366221e-01
   7.0829788e+00  -2.4533584e+00   5.3321941e-01
  -2.0363437e+00   7.9147176e-01  -6.8101159e-01
  -3.3392057e-02   6.2207768e-01   5.4256956e-01
   7.9112497e-01   1.4563580e+00   9.6837544e-01
   6.7990606e+00  -1.3076846e+00  -1.4469639e-01
  -1.3356140e+01   3.6114593e-01  -8.5109625e-01
  -1.7346485e+00  -3.5700242e-01  -4.0751893e-01
   3.8981912e+00  -8.1849206e-01   4.0303239e-01
  -6.3990508e+00   1.9834467e-01  -4.6303109e-02
   3.6250706e+00   1.4875580e+00   2.2531707e-01
  -2.8764810e+00  -1.4923488e+00   1.5875849e-01
   3.3718078e+00  -1.9370619e-01   3.8431371e-01
   4.4294745e-01  -1.6799323e-01   6.2854868e-01
  -7.2458169e+00  -2.8344834e+00  -1.7001945e+00
  -2.0932107e+00   7.0099835e-01   7.6005422e-01
  -3.5095893e+00  -8.5135460e-01   7.5354754e-01
   9.3651771e+00  -1.3399649e+00   1.9408557e-01
   3.1886505e+00   1.3876702e+00  -1.2215527e-01
  -1.0851193e+00  -1.4743787e+00  -3.2074262e-01
  -9.7328386e-01   2.0349359e-01   8.8748455e-01
   1.0807584e+00   1.4363787e+00  -1.3940509e+00
   3.9276669e+00   7.4848095e-01   1.2974857e+00
  -1.6894352e+00  -7.5114532e-01  -4.5545308e-02
   4.1989185e+00  -5.8455250e-01  -7.9135378e-01
  -1.2528696e+01  -1.4881957e-01   9.3858150e-02
   6.5164336e+00   2.5128078e+00   3.6598125e-01
  -9.0184312e+00   3.7095581e-01   5.6431841e-01
   1.0846786e+00   8.2429136e-01  -1.6446246e+00
  -4.9011231e+00  -1.8543907e+00   1.1234944e+00
   1.6908810e+01   5.6451727e-01   2.0533766e-01
   7.7679801e+00   1.0357527e+00  -1.8852986e-01
   7.0593773e-01   3.1177677e-01   4.5309409e-01
   5.3217214e+00  -5.5570888e-01   3.7971974e-01
   1.2641478e-01   3.4267181e-01  -2.4914883e+00
  -6.9023220e+00  -1.0596533e+00   3.9554316e-01
   5.2030182e-01   2.1431787e+00  -3.7282063e-01
   3.9772014e+00   8.0002491e-01   1.4423144e-01
  -6.6495719e-01  -1.2027170e+00   5.2747593e-01
   6.3742680e+00  -1.4200091e+00  -8.0064369e-01
   5.2647880e+00  -2.2125578e+00   4.7111159e-02
  -1.1948220e+00  -8.4341841e-01  -1.1770639e+00
   1.2084167e+01  -1.9879533e+00  -5.8769401e-02
   2.0316416e+00   1.7334064e+00  -1.4802153e-01
  -6.4379261e+00  -1.5521161e-01   1.2111508e+00
   5.5815414e+00   6.9404201e-01   1.0533748e+00
   2.4070375e+00   1.4195779e+00  -1.6721866e+00
   2.7303370e+00  -1.5263364e+00  -7.9187591e-01
   3.2312311e+00   1.5719225e+00  -3.8938251e+00
  -1.8704652e+00  -1.1397930e+00   4.9562661e-01
  -1.3778870e+00  -1.0589248e+00  -1.3001905e+00
  -6.7867947e+00   1.3536377e+00   1.1230263e-01
   3.2481950e+00  -1.5184637e+00  -2.4606762e-01
   5.0200478e+00   1.2860122e+00   6.8322138e-01
   7.6119124e+00   1.1593672e+00  -3.0463176e-01
  -2.1553177e+00   5.9760335e-01  -3.1806380e-01
  -4.8726758e+00   8.7154643e-01  -2.9826032e-01
   9.2227662e+00  -1.2294452e+00  -3.8473696e-01
   1.8407442e+00  -4.2459375e-01   1.2125565e+00
   4.3901598e+00  -1.2590468e+00   9.6094476e-01
   3.7359173e+00   7.6776079e-02   7.0529984e-01
  -5.9345480e+00  -1.2791655e-01  -1.8220088e+00
  -1.6675286e+00  -2.4207446e-01   1.0572374e+00
   2.9333575e+00  -5.7930375e-01   1.0400446e+00
   3.7968957e+00   4.2439517e-01   1.5625871e+00
  -4.3468285e+00   1.7490117e+00  -1.5727790e+00
   1.3967240e+01   8.9053347e-01   5.1652849e-01
  -1.1348915e+01  -1.8444103e+00  -1.0910515e-01
   1.0440067e+01  -4.3932837e-01   1.6656921e+00
  -3.0235599e+00  -1.3799370e-01  -4.2394902e-01
   7.0517418e+00   3.3578808e-01  -1.2563601e+00
   4.8737034e+00  -7.0843098e-01  -1.9661336e+00
   1.7442189e+00  -1.1194229e+00  -2.0932206e+00
  -6.8779580e+00  -6.4276718e-01   1.1441912e+00
   7.4568358e+00  -1.1961215e+00   1.3489600e+00
   1.0450933e+01   1.7793314e+00  -1.1685149e+00
   7.9773953e+00  -1.4025059e+00   1.5825106e-01
   3.4880006e+00  -1.4559294e+00   3.4133248e-01
  -8.7433834e+00   1.0241711e+00   5.3955000e-01
   1.0672281e+01  -2.5415131e-01   7.0315411e-01
  -1.0649518e+01  -1.1266281e+00  -9.1052656e-03
   1.6423875e+00  -9.9266519e-02   9.6616441e-01
   2.4042351e+00  -8.2053503e-01  -1.1090905e+00
   5.1916401e+00  -8.5580404e-01   1.3674213e+00
  -9.9980881e+00   2.1816005e-01  -7.4238334e-01
  -5.5633505e-01   6.1454185e-02  -5.1891999e-01
  -1.5289543e+01  -1.1302573e+00  -4.2034634e-01
  -1.4978038e+01   1.0032703e+00  -1.2386982e+00
   8.1720347e-01   3.5388876e-01  -1.5016798e+00
  -2.9082670e+00  -8.6486169e-01  -2.4116783e-01
  -1.9357612e+00   1.9899081e+00   5.8486077e-01
   3.3585602e+00   8.3127638e-01  -1.2446951e-01
  -4.9480301e+00  -1.2772885e-01   2.0753347e+00
   6.3926445e+00   7.8324544e-01  -6.8167855e-01
  -5.7538321e+00  -2.7064913e-01  -1.0423255e+00
   3.1583466e+00   2.9275914e+00   2.2789986e+00
   8.7617115e+00  -1.5812030e+00   4.8495493e-01
  -1.4610747e-01  -4.6809750e-01  -3.4288858e-01
  -5.7799071e+00   1.0974098e+00  -1.8835443e+00
  -6.0463910e+00  -7.2785604e-01  -6.2831725e-02
   7.4277796e+00   1.6889712e+00  -1.0069430e+00
   3.8247558e+00  -5.4625823e-01  -1.3687241e+00
   2.5868185e+00  -2.3508893e+00   1.3384736e+00
   5.4112071e+00  -4.3647375e-01   1.0215603e+00
   3.1007848e+00  -8.9663500e-03  -9.5729424e-01
   1.3411121e+01   2.7717528e-01   4.7598351e-01
   5.3350611e+00   1.5722353e+00  -5.5568840e-01
  -2.6176024e+00   8.0249149e-01  -1.8303082e+00
   5.4251340e+00  -9.0781362e-01   4.1565855e-01
   4.6895721e+00  -6.6386644e-02   3.6864472e-01
  -1.1988220e+00   2.1180029e+00  -1.1663682e+00
   7.9407595e+00  -7.6594902e-02   1.3489011e+00
  -7.4856525e+00  -6.0754907e-01  -5.6450228e-01
  -6.1094192e+00  -1.5046934e+00  -4.5692721e-01
   7.8305507e-02   4.6339869e-01   9.1145735e-01
   5.2448653e+00   1.3412999e+00   2.4783730e+00
   6.6224249e+00  -2.8908073e-01   1.0626874e+00
   1.0722763e+00   1.8757376e-01  -3.3741942e-02
  -6.5903175e+00  -1.6273789e-02   4.1219400e-01
   3.8267959e-01  -5.8288465e-01  -1.0158785e-01
   3.6455322e+00   2.9462852e-01  -1.1710947e+00
   7.3646214e+00   6.6232544e-01   1.8649540e-01
  -9.6594608e+00  -1.0983770e+00  -8.1718411e-02
  -6.7153930e+00   6.2888909e-01   2.0551442e-02
   6.3856325e-01   7.8307106e-01   2.8780990e-01
   3.0029637e+00  -9.9463411e-02   1.2055820e+00
  -1.1639558e+01  -1.4340357e+00   9.3402932e-01
  -9.4783481e+00   1.3598052e+00  -2.2242656e-01
   2.9654910e+00   4.5964624e-01  -1.0773209e+00
  -7.7457549e+00  -1.2795850e+00  -3.0075167e-01
  -3.3476646e+00  -9.6321317e-01  -5.9475224e-02
   8.1088949e-01   4.6842476e-01   1.7724113e-01
   5.4004249e+00  -1.0368046e+00   1.3628145e+00
   4.4864387e+00   1.3981664e+00   2.3325494e+00
   3.6453496e+00   3.9751660e-01   2.3849106e+00
  -9.2029001e+00  -1.3356225e-02   8.1028298e-02
  -1.0504352e+01  -1.0254118e-01   7.8822756e-01
   4.3660255e+00  -1.1234659e-01   5.8781009e-01
  -5.1125960e-01   2.5974491e-01  -5.9769109e-01
  -4.3761193e+00   7.8257469e-01  -6.2539341e-01
   1.2445915e+00   8.2826482e-01   9.7076763e-02
  -1.2311181e+01   1.2902986e+00  -8.5708538e-01
   7.5009537e+00  -5.9681846e-01   5.2139811e-01
   3.3873919e+00  -6.3556800e-01   1.2704080e+00
   4.1292635e-01  -4.8415500e-01  -9.2790058e-01
  -7.6606366e+00   5.1386377e-02  -2.6610071e-01
  -4.0143109e+00   3.2188309e-01   1.1477743e+00
  -6.7743668e+00  -4.9325462e-01  -5.6497204e-01
  -2.8517176e+00   2.8585426e-01  -1.1275280e-01
   3.0702040e+00  -8.7176779e-01  -6.7576334e-01
   9.9238824e+00  -5.9395630e-01  -3.0293343e-02
  -6.9336754e+00  -6.3614260e-01   1.3508394e+00
   3.6986251e+00   2.6695975e-01   5.2305492e-01
  -8.0043901e+00   1.7025792e-01  -1.1099105e+00
  -1.6086958e-02   6.9210549e-01  -9.2193062e-01
   3.9214698e+00   1.1321700e+00  -5.8262439e-02
  -1.0980968e+01  -1.3210392e+00   8.4533192e-01
   5.3015646e+00   1.2425005e+00  -2.6072363e-01
  -1.2792964e+00  -5.2349012e-01   4.7349503e-01
  -3.6123908e+00  -3.8508515e-01   6.4626220e-01
   1.0539850e+01  -1.1793429e-02   6.4172253e-01
  -4.0973810e-01  -1.6700258e+00   4.6096341e-01
  -2.9228172e+00   1.8759904e+00   7.3533732e-01
   1.5263673e+00  -4.2053978e-01  -2.6958495e+00
   7.5592322e+00  -1.6184423e+00   2.0557781e-01
   1.1997448e+00   2.1782242e+00  -1.0043708e+00
  -5.7820051e-01  -5.7773571e-01   1.4736044e+00
  -1.4700126e+00  -8.8166095e-01  -3.1388253e-01
  -1.3271804e+00   1.2164844e+00   8.9975190e-01
   8.9959044e+00   1.6027896e+00   3.2403174e-01
  -1.3526237e+00   1.2487631e+00  -9.6087028e-01
   3.7497529e+00  -9.0752714e-01  -8.9691948e-02
   7.4852372e+00  -1.3009394e-01  -2.0609314e+00
  -9.2453783e+00   3.3434540e-01   2.8125966e-01
  -1.6530700e+00  -1.2338173e-01  -1.0661339e+00
  -1.0925802e+01  -8.5144899e-01   5.8839413e-01
  -9.8966868e-01   8.1640976e-01  -8.9072050e-01
  -1.9400107e+00  -1.1528911e-01   6.8231309e-01
   4.2479774e+00   5.9505266e-01   3.3949265e-01
   1.7530876e-01  -1.7089856e-01  -3.7983142e-01
  -2.1649662e+00  -1.3233687e+00   7.0486596e-01
  -6.4623085e+00  -4.6765775e-01  -1.4071137e+00
  -3.1214139e-01   3.4943178e-01   2.1513179e-01
  -3.1131912e+00  -3.4483300e-01   3.9439603e-01
   1.9192365e+00   1.4837250e+00  -8.3705801e-01
   1.7630823e+00  -8.4980843e-01  -1.9814987e+00
  -6.2577910e+00  -1.9972952e+00   7.6355569e-01
  -5.6803701e+00   2.4964054e-01   9.8870593e-01
   1.8441864e+01  -8.8143164e-01   1.7090525e+00
   1.1594278e+00  -1.1461337e+00  -8.8320857e-01
  -1.0305906e+01   4.4334712e-01  -4.1022241e-01
   8.6418239e+00   7.2400341e-01  -1.7028040e-01
   5.7284009e+00   2.7773416e-01   3.1942474e-01
  -7.7639383e+00  -3.7255593e-01   3.1387431e-01
   2.4295044e+00  -1.6613497e+00   1.0095244e+00
  -3.3571671e+00  -1.0320697e-01   1.2578263e+00
  -6.2833132e+00   1.2150314e+00  -3.2086151e-02
   6.5910570e+00   3.5143958e-01  -6.0160286e-01
   6.9366904e+00   9.7105950e-01  -1.8573993e+00
   2.2788372e-01  -2.6650130e-01   3.1900157e-01
  -6.9253011e+00  -1.8534513e+00   4.4724986e-01
  -9.9954953e+00  -6.5771125e-01  -4.2133748e-01
  -1.4141492e+00  -1.9369298e-02   3.6907691e-01
   8.4135042e+00  -4.4048807e-01  -1.7440779e-01
   3.4029654e+00  -1.0735633e-01   1.4001636e+00
   1.2123647e+01   7.2861975e-01  -1.3638502e+00
  -6.5210982e+00  -6.9222177e-01   5.1390575e-01
  -4.0441329e+00   1.3325770e-01  -8.8751338e-01
   1.2305221e+01   1.3495609e+00   1.0326641e+00
   3.9240568e-01   2.3632754e-01   1.5205022e+00
   1.4071738e+01   5.3109208e-01   1.4313372e+00
  -4.3683748e+00  -2.7053286e-02  -4.2314164e-01
   7.7124103e-01   1.3166254e-02   1.5699605e-01
  -2.5581305e+00  -1.3589237e+00   2.0463893e-01
  -7.6592675e+00  -7.1953274e-01  -2.9724388e-01
  -1.6530343e+00   1.0486587e+00  -5.1402088e-01
   6.7542523e+00   3.9210974e-01   4.6306600e-01
  -1.1506713e+01   8.9918178e-01   2.1458549e-01
  -1.2105575e+01   6.8721568e-02   4.3026472e-01
   2.7345885e+00   2.4693133e+00  -3.7349543e-01
  -3.8779960e+00  -1.1521803e+00  -2.1048794e+00
   5.4651107e+00   5.0840199e-01  -2.6527101e-01
  -2.6739247e+00  -4.1057269e-01  -1.0592356e+00
   7.1856915e+00   8.8413938e-01   7.1180510e-02
  -3.3585024e+00   9.8690034e-01   6.7300676e-01
   4.6454371e+00  -2.7722598e-01  -5.3762302e-01
   2.8187379e+00  -3.2548103e-02  -8.5744637e-03
  -4.6009294e+00  -1.6836316e-01   1.0576912e+00
   6.9351042e+00   4.7623407e-01  -5.7545136e-01
   1.0733917e+00  -5.1468023e-01   7.2331855e-01
   1.6990958e+00   4.7585022e-01  -1.2190344e-01
  -1.7317088e+00   2.6894931e-01  -6.6147161e-01
   6.4982606e+00  -1.3142133e+00   7.0905410e-02
   1.5209055e+00  -8.5100023e-01   6.2037238e-02
  -5.4991123e+00   1.3258675e-01   3.9449617e-01
   5.2561788e+00   1.1144381e+00   2.2916921e-01
   7.4981806e+00   5.1185747e-01  -6.6575756e-01
  -9.4771422e-01  -6.0811549e-02   5.8230813e-01
  -7.5186066e-01   5.5519547e-01  -1.9253259e-01
   5.9654265e+00  -1.4452770e+00   1.3735721e+00
   5.3729860e+00   2.2112140e-01   1.3428698e+00
   4.3991087e+00   6.0360744e-02  -3.2817737e-01
  -1.9172637e+00  -1.2023199e-01  -1.9479238e+00
  -8.3216351e-01  -3.5577748e-01  -1.8826393e-01
  -1.8757443e+00  -2.9431718e-01   2.1742295e-01
   3.0429400e+00  -1.0313860e+00   4.0449334e-01
  -5.4723966e+00  -1.0809920e+00  -3.7046579e-01
   9.1300303e-02   1.7362076e-01  -9.8343753e-02
  -6.0991060e+00   4.2570927e-01   1.0691577e-01
  -1.5668808e+01   5.2058883e-01  -1.9756694e+00
  -2.9834530e-01  -3.2138922e-01  -2.6234404e-01
  -2.3630761e+00  -8.7545514e-01   8.8998979e-01
  -5.3073207e+00  -5.6402380e-01  -5.6037754e-01
   2.8274692e+00   2.8142073e-01  -5.2250710e-01
   3.1975118e-01  -2.6385002e-01  -1.3235002e+00
  -1.0455130e+01  -1.2214992e+00   2.7972347e-01
   3.6071826e+00  -6.5291736e-01   1.8564251e-01
   5.8049187e+00  -6.3393745e-01   3.5099722e+00
  -5.0003736e-01   8.0160056e-02   2.1128266e-01
   5.0898231e+00  -6.2539800e-01  -1.2280652e+00
  -6.8943247e+00   4.3346598e-01   1.6390047e-02
  -8.8147263e+00   4.6850359e-01   1.1255746e+00
   1.5082838e+00   2.2061762e-01  -2.8813252e-01
  -2.7169629e+00   1.8520167e-01  -2.9755429e-01
  -4.1809367e+00  -1.3226490e+00  -2.8798945e-01
   7.8263749e-01  -1.8175653e+00   4.3992111e-01
  -4.4966923e-01  -1.5186868e-01   6.4572572e-01
  -3.1985804e+00   2.1625718e-01   1.7537165e+00
   4.2373237e+00   5.7150793e-01  -6.3953954e-01
  -4.2290408e+00   4.9543816e-01   1.1847859e+00
  -1.5627655e+01  -1.2619558e+00   4.0533364e-01
   5.0868939e+00   3.4512663e-02  -9.6466073e-01
  -1.8806599e+00  -2.0357043e-01   8.0772155e-01
  -4.3907951e+00  -6.2947948e-01   6.0722824e-01
   4.8247036e+00  -6.2801168e-01   4.0178238e-01
   9.2068673e+00   1.9005928e+00   4.1716894e-01
  -5.6753213e+00  -1.6130334e+00  -5.1342827e-01
   8.1698567e-01   1.5341053e+00   1.1698705e+00
   1.0691573e+01   5.5639411e-02  -1.4576735e+00
   3.1423919e+00   2.9264066e+00  -1.5319001e+00
  -5.0217800e-01  -1.6624480e+00  -9.8711056e-01
   9.4399019e-02   7.3425307e-01  -1.0349303e+00
   2.5506692e+00  -1.4020310e+00  -1.8277658e+00
  -3.8464292e+00   1.2613690e+00   1.5336249e+00
  -1.0378683e+00  -2.7996579e-01   1.7747088e-01
   5.7799542e+00   3.8178949e-02   2.2161824e+00
   2.2389845e+00  -2.1292678e+00   1.5049604e+00
  -4.5906696e+00   5.3190138e-01   7.9890614e-01
   2.6111351e+00  -3.5173275e-01  -4.7466977e-01
  -7.2812240e+00  -3.2623178e-01  -7.4560610e-01
   1.6716734e-01   8.9898186e-01  -5.1164254e-01
   2.0173253e-01  -1.1159289e+00   2.8836095e-01
   4.0611491e-01  -2.9246883e-01  -4.2080170e-01
  -5.1916772e+00   2.0010897e-01  -1.0410958e-01
   1.1968864e+01   5.5804209e-01   3.1096777e-01
   2.0658765e+00   1.0577556e+00   5.1731311e-01
   1.4854109e+00  -5.4417614e-01   4.1158353e-02
   5.1707612e+00   1.3293510e+00   3.4627154e-01
  -4.1586444e+00  -1.4673481e+00  -1.0126765e+00
   1.1571758e+00   4.8911310e-01  -1.6243613e+00
   4.4093784e+00  -3.5891147e-01   1.1180081e+00
  -3.9164538e+00  -1.1104601e+00  -9.3295675e-01
  -3.8187343e+00  -1.3850376e+00  -7.0169470e-01
   1.5724579e+00  -8.0049179e-01   8.4091311e-01
   2.8289941e+00  -7.9809905e-01  -4.2725239e-01
   1.4360185e+00   6.7693938e-01  -3.8014945e-01
   5.4352574e+00  -9.3784910e-02  -7.1598516e-01
   3.7209002e-02  -1.0277432e+00   2.9500434e+00
  -6.2042364e+00   3.9833274e-01  -6.1627042e-01
