   5.4192816e+00   4.6376071e+00   6.2428757e+00
   4.8016714e+00   7.0891421e+00   6.7809046e+00
   6.2684308e+00   5.5848131e+00   6.8568471e+00
   7.5217992e+00   5.3882466e+00   6.4909237e+00
   5.6421800e+00   4.9028398e+00   6.5416832e+00
   5.8511026e+00   4.5931128e+00   6.6259741e+00
   8.6083528e+00   6.1084160e+00   7.1156837e+00
   6.7621504e+00   4.0681377e+00   7.4410879e+00
   7.0374834e+00   5.3395716e+00   5.4624247e+00
   8.6217058e+00   7.2213311e+00   6.3006258e+00
   6.2313774e+00   4.8182736e+00   3.6358449e+00
   4.8614020e+00   7.1446365e+00   6.8030344e+00
   5.8911066e+00   6.3841459e+00   8.2380427e+00
   5.9963810e+00   4.6167546e+00   5.7772671e+00
   7.8901509e+00   6.2546748e+00   6.4870371e+00
   6.9991490e+00   6.9756030e+00   7.7361866e+00
   7.0721320e+00   7.3084197e+00   3.9723905e+00
   6.2207796e+00   5.8100392e+00   6.5030380e+00
   7.8902432e+00   4.1375149e+00   5.3058987e+00
   5.7269152e+00   5.4717258e+00   4.9891989e+00
   6.9320240e+00   6.0122002e+00   5.4623714e+00
   6.1381523e+00   6.7156206e+00   7.1363375e+00
   6.4581779e+00   6.4523599e+00   7.9732826e+00
   5.6909678e+00   5.7361238e+00   5.4492473e+00
   2.8935928e+00   6.8809891e+00   5.2292435e+00
   3.8059411e+00   6.3566493e+00   8.4060000e+00
   6.8252600e+00   5.9720876e+00   7.4245922e+00
   4.9343827e+00   7.8203312e+00   6.8808908e+00
   5.4283473e+00   4.4358901e+00   7.2885034e+00
   5.2019946e+00   5.6134384e+00   6.6376025e+00
   5.5544025e+00   6.3222704e+00   6.6674810e+00
   4.5115484e+00   4.8183702e+00   8.3321358e+00
   4.7881894e+00   5.9923204e+00   7.0223396e+00
   6.4208540e+00   4.9965325e+00   6.4923098e+00
   5.2256464e+00   7.1317596e+00   6.3609972e+00
   7.0852231e+00   4.4992496e+00   6.3357068e+00
   5.9410334e+00   6.3430911e+00   4.9778482e+00
   5.7123451e+00   7.2399759e+00   6.8029115e+00
   5.1670488e+00   6.3976234e+00   4.8900080e+00
   4.1554765e+00   5.2074827e+00   5.4162557e+00
   5.0253901e+00   5.9418748e+00   8.6300927e+00
   8.7138374e+00   5.3960360e+00   6.3842573e+00
   5.9768140e+00   4.4242221e+00   5.5345446e+00
   5.9812494e+00   5.2204722e+00   4.3908313e+00
   4.8676803e+00   4.4851100e+00   5.7380727e+00
   5.4862229e+00   6.2657378e+00   5.7248499e+00
   8.1834217e+00   4.8650053e+00   7.0245853e+00
   8.2226586e+00   5.3008419e+00   6.3191030e+00
   4.5895199e+00   6.6762758e+00   5.7221668e+00
   5.7841350e+00   4.8020364e+00   6.1853339e+00
   5.9637669e+00   5.4774873e+00   6.9433438e+00
   5.6977038e+00   6.1475369e+00   4.2808561e+00
   7.2658287e+00   5.7521802e+00   6.0060323e+00
   5.8753922e+00   3.0733897e+00   5.2794152e+00
   5.9830196e+00   4.2829738e+00   7.1727707e+00
   5.1816719e+00   6.8252500e+00   4.7812101e+00
   7.0779388e+00   4.9128183e+00   6.1946286e+00
   5.4441147e+00   7.0597020e+00   6.9435094e+00
   6.0764807e+00   7.3788891e+00   7.7809873e+00
   4.9361086e+00   5.5479906e+00   6.4050493e+00
   5.8384712e+00   4.9651543e+00   4.9385078e+00
   7.2529655e+00   4.9443774e+00   5.9708435e+00
   6.4826404e+00   6.6989757e+00   6.1220555e+00
   6.2196429e+00   7.4113414e+00   6.0128410e+00
   5.3614581e+00   5.4020808e+00   7.2251542e+00
   5.2199009e+00   6.3742672e+00   5.1860946e+00
   6.2377594e+00   6.9609387e+00   5.7832435e+00
   6.4768225e+00   5.7842599e+00   5.6716080e+00
   8.5117979e+00   4.6112380e+00   6.3530248e+00
   5.8779857e+00   6.1867634e+00   7.7913343e+00
   5.1574959e+00   6.1981787e+00   7.8432236e+00
   6.5334954e+00   5.1053398e+00   4.5470343e+00
   5.5813534e+00   7.2398253e+00   4.1990252e+00
   7.3380337e+00   5.9650187e+00   5.6558883e+00
   5.8757416e+00   5.4843498e+00   5.9270917e+00
   6.1985637e+00   4.4483288e+00   6.5786306e+00
   6.7413593e+00   5.5916116e+00   4.2808009e+00
   5.3281153e+00   6.3689274e+00   5.9022317e+00
   6.1859247e+00   6.0726905e+00   4.2172011e+00
   7.1486264e+00   6.6596440e+00   6.5741580e+00
   6.9639248e+00   6.6051742e+00   5.6602483e+00
   6.1365837e+00   4.4269537e+00   7.0503290e+00
   6.3420466e+00   4.0057444e+00   7.2630122e+00
   5.4993466e+00   6.6737487e+00   7.3016437e+00
   7.3393138e+00   6.0339068e+00   4.3437873e+00
   5.6135782e+00   6.8868897e+00   6.7272813e+00
   5.4811868e+00   5.4281337e+00   5.4753548e+00
   7.0890412e+00   6.5318182e+00   5.7041971e+00
   4.7928542e+00   7.0586992e+00   7.9751418e+00
   8.1587633e+00   7.0842562e+00   5.6714550e+00
   5.7523060e+00   5.4909507e+00   4.1825788e+00
   6.4967542e+00   7.4313704e+00   5.5009285e+00
   4.8513776e+00   6.9175940e+00   5.3962131e+00
   6.2716015e+00   5.9947037e+00   3.8849611e+00
   6.9592556e+00   6.6295256e+00   4.8998539e+00
   3.4487932e+00   7.6320912e+00   5.7267854e+00
   7.0345526e+00   7.3729230e+00   5.2095056e+00
   6.3577488e+00   5.4806605e+00   6.2921475e+00
   6.2052674e+00   5.7586956e+00   7.1416653e+00
   6.2487752e+00   6.2867962e+00   6.6329494e+00
   7.9644276e+00   6.6679577e+00   4.0892146e+00
   6.4948991e+00   6.0076438e+00   5.3415420e+00
   6.7794096e+00   5.9064797e+00   6.4733783e+00
   6.4706896e+00   4.8304754e+00   6.3555099e+00
   6.4594902e+00   5.3308897e+00   5.7696054e+00
   4.7477583e+00   6.0529021e+00   5.0746324e+00
   5.8586821e+00   7.4507268e+00   6.7435632e+00
   5.5209621e+00   4.9123681e+00   4.3698885e+00
   6.5210333e+00   5.8915035e+00   7.2736167e+00
   7.1200256e+00   6.4786232e+00   3.6575805e+00
   6.8347297e+00   4.4157788e+00   7.8817040e+00
   6.2692322e+00   5.3671655e+00   5.2865374e+00
   5.6925036e+00   6.1582243e+00   6.5861296e+00
   6.8477521e+00   5.6091441e+00   5.1248824e+00
   4.3950769e+00   6.9945218e+00   5.7462804e+00
   5.1272775e+00   5.9798978e+00   4.9672655e+00
   7.0674362e+00   6.1878014e+00   4.8938515e+00
   6.8576489e+00   6.4324181e+00   5.0671733e+00
   7.2958943e+00   6.4968078e+00   7.1847176e+00
   5.3235759e+00   5.2110757e+00   5.8655847e+00
   6.0211839e+00   6.8097088e+00   6.5564238e+00
   5.5782949e+00   4.5883919e+00   6.4173116e+00
   3.1954972e+00   6.7714654e+00   4.6094370e+00
   6.2661600e+00   4.6309029e+00   6.5032991e+00
   5.4975531e+00   6.7929426e+00   6.0076041e+00
   6.2534628e+00   6.5885041e+00   4.5380765e+00
   6.9401415e+00   5.6634007e+00   5.3713142e+00
   6.6481436e+00   5.0537392e+00   5.7172238e+00
   5.7752578e+00   6.7112742e+00   7.0230677e+00
   4.4302135e+00   6.3133112e+00   6.8460567e+00
   6.1444633e+00   6.6499372e+00   8.0716286e+00
   4.9896176e+00   5.1055892e+00   2.1829332e+00
   6.0921348e+00   6.3861107e+00   6.1281916e+00
   6.6064235e+00   6.4143237e+00   6.5133921e+00
   7.9224084e+00   7.3328198e+00   6.5433144e+00
   4.1530360e+00   6.8306497e+00   4.4658575e+00
   5.7912376e+00   4.5928043e+00   7.3244891e+00
   7.0913035e+00   6.3549655e+00   4.8560143e+00
   4.8116685e+00   5.4160003e+00   6.6336578e+00
   5.2847528e+00   6.7569698e+00   5.8463056e+00
   4.7298263e+00   5.0034725e+00   5.3320430e+00
   5.1839227e+00   4.0157325e+00   3.3164972e+00
   6.1784113e+00   5.6900392e+00   6.0714432e+00
   6.9848968e+00   6.8117972e+00   6.6995523e+00
   5.5808657e+00   6.7450587e+00   5.1677105e+00
   3.9505238e+00   6.3495884e+00   5.5413747e+00
   5.6066997e+00   6.3203217e+00   6.9431601e+00
   5.6260214e+00   4.9049786e+00   6.5249666e+00
   4.2578680e+00   5.6084904e+00   6.6687157e+00
   5.5192938e+00   5.7233244e+00   6.5564386e+00
   7.1560418e+00   7.0509298e+00   5.1409899e+00
   3.3419440e+00   6.4428414e+00   4.7240139e+00
   4.3373918e+00   5.9418324e+00   5.7439466e+00
   5.2507867e+00   6.1528893e+00   7.1435274e+00
   5.0630181e+00   7.2161562e+00   5.2279779e+00
   6.7064466e+00   5.8818586e+00   3.7243507e+00
   6.5758338e+00   6.4624144e+00   4.8707013e+00
   6.4534280e+00   4.4374161e+00   8.2264793e+00
   7.3301319e+00   6.3757054e+00   5.0884952e+00
   6.4732265e+00   7.3035930e+00   7.2993841e+00
   6.0431904e+00   6.0068317e+00   6.5662309e+00
   4.6523726e+00   6.4387140e+00   4.7190960e+00
   4.4755705e+00   6.6926754e+00   5.0063026e+00
   5.0869878e+00   7.7275421e+00   5.1823591e+00
   7.1120321e+00   7.2431122e+00   7.6458478e+00
   7.2226908e+00   5.1057603e+00   3.2330196e+00
   6.4016513e+00   7.0966931e+00   5.8414081e+00
   5.7969250e+00   6.5226181e+00   7.3043960e+00
   5.9064259e+00   7.3459559e+00   4.7830634e+00
   6.0682285e+00   7.1444998e+00   6.1070195e+00
   6.2997620e+00   7.3921744e+00   5.7982149e+00
   6.8258308e+00   6.7695064e+00   7.7443584e+00
   5.8892288e+00   4.7734053e+00   5.5360989e+00
   6.5301071e+00   6.7572771e+00   6.3939668e+00
   5.2397829e+00   6.2769116e+00   5.1951271e+00
   5.6004072e+00   6.0612397e+00   6.4677294e+00
   4.7165242e+00   6.6462823e+00   4.6944482e+00
   6.6140703e+00   6.8600724e+00   6.7375657e+00
   5.3134630e+00   6.7432021e+00   6.9645615e+00
   4.1293533e+00   6.0881543e+00   8.5059510e+00
   8.6639765e+00   6.1187955e+00   6.1106112e+00
   8.1826850e+00   7.5321739e+00   5.5074116e+00
   5.5404691e+00   5.1163841e+00   6.5953543e+00
   6.2367091e+00   6.1817798e+00   5.1961474e+00
   5.0042441e+00   6.3876344e+00   5.7146877e+00
   6.5375905e+00   5.9282507e+00   6.6239363e+00
   6.3571587e+00   4.1910789e+00   4.1684512e+00
   5.3094881e+00   5.8610653e+00   7.3542586e+00
   6.6303031e+00   6.1061312e+00   6.4488010e+00
   7.4793154e+00   5.7053460e+00   6.4033310e+00
   4.3342584e+00   4.8040742e+00   5.7489096e+00
   6.7204499e+00   5.8341871e+00   5.1780400e+00
   6.2056892e+00   6.3678565e+00   5.2805748e+00
   6.8594096e+00   7.1729474e+00   6.6456539e+00
   5.5721929e+00   6.0104670e+00   5.2778132e+00
   5.7819441e+00   5.8998644e+00   6.9610236e+00
   7.3682089e+00   5.6338964e+00   5.0519267e+00
   8.0700947e+00   6.2073875e+00   4.8537532e+00
   6.5314871e+00   5.7474686e+00   6.7149552e+00
   5.6232178e+00   6.3434642e+00   6.2429086e+00
   5.5934840e+00   6.6148398e+00   4.5269234e+00
   6.8651770e+00   6.9910834e+00   5.4952195e+00
   6.7135786e+00   4.9878506e+00   6.8716703e+00
   4.8803878e+00   4.7439152e+00   5.1157244e+00
   7.7693272e+00   6.4989625e+00   6.8294163e+00
   5.3103320e+00   6.0224046e+00   4.8696537e+00
   8.0754649e+00   6.4893955e+00   4.3920267e+00
   6.2611552e+00   5.9750499e+00   7.4140919e+00
   6.5279696e+00   5.9353635e+00   5.6213318e+00
   6.3870605e+00   7.0914171e+00   7.7081871e+00
   5.6491383e+00   6.2725540e+00   6.9831655e+00
   7.6860308e+00   6.1504199e+00   5.5867010e+00
   3.7897002e+00   5.0490614e+00   7.7994773e+00
   5.1897271e+00   7.0960738e+00   5.4512040e+00
   6.1401350e+00   6.5187246e+00   6.5766852e+00
   6.1120054e+00   5.8948040e+00   5.3078024e+00
   7.4979607e+00   6.3678311e+00   6.8499429e+00
   5.9669456e+00   5.3121217e+00   5.4555609e+00
   5.9573682e+00   6.5103822e+00   4.7272405e+00
   5.5527086e+00   5.7750087e+00   6.6050311e+00
   5.2308519e+00   5.5019925e+00   4.1053105e+00
   7.2632658e+00   6.7644278e+00   5.0738280e+00
   6.0102924e+00   5.0910892e+00   5.2179953e+00
   6.3257837e+00   3.7025937e+00   6.2555257e+00
   5.1761146e+00   5.3417681e+00   7.0938928e+00
   6.1268111e+00   7.5962892e+00   6.7194918e+00
   5.2103340e+00   6.1941400e+00   6.3028368e+00
   5.5628886e+00   4.0168871e+00   5.6414488e+00
   5.2083012e+00   3.8724462e+00   5.4706705e+00
   6.1104353e+00   8.1954969e+00   4.9235413e+00
   7.6341796e+00   4.8251471e+00   7.6518419e+00
   4.9946756e+00   6.5283935e+00   4.0804542e+00
   5.0398886e+00   6.6803651e+00   5.7632183e+00
   6.6644862e+00   4.1361769e+00   5.8713184e+00
   5.9704746e+00   6.2950880e+00   4.9113419e+00
   4.5578021e+00   5.0787480e+00   7.4397476e+00
   6.4336107e+00   6.2531907e+00   6.1771222e+00
   5.6607402e+00   6.0267839e+00   6.3482885e+00
   4.5895162e+00   5.1483483e+00   6.0989889e+00
   7.4194604e+00   6.1718369e+00   8.0501640e+00
   5.3386271e+00   4.7188042e+00   5.3405358e+00
   7.1676367e+00   7.3574967e+00   6.0324619e+00
   6.9334875e+00   5.7524521e+00   3.3636383e+00
   7.1562796e+00   5.6480947e+00   6.7733896e+00
   5.3897425e+00   5.6577464e+00   7.1812353e+00
   8.7505296e+00   5.6651341e+00   5.0419482e+00
   5.0747302e+00   5.7367464e+00   4.8191814e+00
   4.2788109e+00   5.3293468e+00   7.1691908e+00
   6.3846331e+00   6.7438316e+00   6.0788278e+00
   6.9544585e+00   7.7283796e+00   7.1976731e+00
   5.7665812e+00   5.9355668e+00   6.7121643e+00
   7.3553415e+00   5.3016534e+00   5.2367952e+00
   4.9969702e+00   5.8623037e+00   5.4868253e+00
   6.9673808e+00   6.6802325e+00   6.6316537e+00
   8.4287076e+00   6.1612086e+00   5.1609430e+00
   6.2016808e+00   4.3539315e+00   6.4619185e+00
   5.7279736e+00   5.3020834e+00   5.9535945e+00
   7.5927361e+00   6.4451182e+00   7.2574851e+00
   4.4353857e+00   6.3152129e+00   6.8519621e+00
   4.9705354e+00   7.2554893e+00   5.5297895e+00
   5.8189571e+00   5.4404037e+00   6.1520329e+00
   7.6367091e+00   6.0028996e+00   5.9398097e+00
   7.1772224e+00   7.4401398e+00   5.8065605e+00
   5.3516345e+00   5.9134619e+00   7.7440393e+00
   6.1728048e+00   5.5023880e+00   5.1393284e+00
   5.2287019e+00   7.1912333e+00   5.1427552e+00
   6.8765484e+00   4.9955097e+00   6.3284329e+00
   4.9293979e+00   6.8823022e+00   3.4088361e+00
   7.1805576e+00   4.8647488e+00   7.5336525e+00
   4.9361023e+00   5.5174091e+00   5.6541779e+00
   5.7823102e+00   7.2048350e+00   5.6127416e+00
   7.2521177e+00   5.2986648e+00   5.0308218e+00
   5.4842579e+00   5.4536311e+00   4.6764176e+00
   6.7222039e+00   6.6110913e+00   6.6640886e+00
   5.0620372e+00   6.8510601e+00   7.1065515e+00
   7.0041098e+00   6.2960060e+00   7.5953027e+00
   4.5074251e+00   6.3369924e+00   7.4282766e+00
   8.3883776e+00   5.3792610e+00   6.2035305e+00
   6.1080087e+00   7.2775404e+00   5.9481514e+00
   4.4882220e+00   6.7150857e+00   6.6259389e+00
   5.6672128e+00   6.6878711e+00   5.6983058e+00
   5.7742522e+00   4.4725809e+00   5.2430464e+00
   4.4345190e+00   6.2657124e+00   6.9957735e+00
   3.9379817e+00   5.6606408e+00   4.2256959e+00
   4.7596113e+00   6.1788518e+00   3.7013448e+00
   6.5431424e+00   5.1209616e+00   5.1186105e+00
   6.2665721e+00   6.9954768e+00   7.1597018e+00
   6.1910543e+00   3.7104814e+00   5.4433840e+00
   5.6101569e+00   5.9695768e+00   6.1039929e+00
   7.2387717e+00   6.5902313e+00   6.2945061e+00
   5.5583668e+00   7.7260811e+00   5.7894849e+00
   6.7079845e+00   4.9697131e+00   6.6056558e+00
   5.6875727e+00   5.6362846e+00   5.8938574e+00
   5.3782055e+00   5.7399582e+00   4.8400774e+00
   6.4140566e+00   7.1497533e+00   7.2832608e+00
   4.9377287e+00   5.6853439e+00   5.5596114e+00
   6.1497278e+00   6.7900824e+00   5.1969089e+00
   6.9177900e+00   5.1360870e+00   7.0080511e+00
   6.0182533e+00   5.1709488e+00   7.8627176e+00
   5.9101573e+00   4.8917579e+00   6.0641665e+00
   7.1550197e+00   4.9610904e+00   6.5521262e+00
   7.5161036e+00   7.2396825e+00   5.6501559e+00
   5.3778966e+00   5.1486189e+00   5.5328674e+00
   6.2254728e+00   6.5227195e+00   5.8313499e+00
   5.3768910e+00   7.3249519e+00   6.1456428e+00
   6.7031274e+00   8.3798928e+00   7.3731579e+00
   5.4445621e+00   6.4881954e+00   4.6966262e+00
   6.9050938e+00   6.2052720e+00   6.9584758e+00
   5.0588962e+00   6.7456107e+00   6.1714567e+00
   6.7761924e+00   7.5726645e+00   5.4538233e+00
   6.1493703e+00   4.7635890e+00   5.9133666e+00
   4.8756724e+00   5.6303292e+00   7.2204926e+00
   5.8696763e+00   7.4591544e+00   4.5406478e+00
   5.0015942e+00   5.6749416e+00   7.0914195e+00
   7.7596819e+00   4.5231118e+00   7.8227852e+00
   5.6532091e+00   4.8135342e+00   4.5734722e+00
   6.3432914e+00   7.1361970e+00   6.4422796e+00
   7.5148703e+00   6.2695966e+00   7.5239011e+00
   5.8215445e+00   7.3981563e+00   6.1520080e+00
   4.4056974e+00   7.2263651e+00   8.2173537e+00
   7.4426818e+00   5.9028187e+00   4.2247576e+00
   5.0877018e+00   4.7022907e+00   6.4857340e+00
   4.8886985e+00   5.1647989e+00   6.0436439e+00
   6.9333902e+00   5.1729321e+00   4.8586968e+00
   6.1907189e+00   5.2071292e+00   5.2716571e+00
   4.0657517e+00   6.5563748e+00   5.9769498e+00
   5.7719686e+00   6.1422435e+00   8.2536001e+00
   6.1948184e+00   5.0210647e+00   6.6372630e+00
   7.5179310e+00   5.9722422e+00   5.6240521e+00
   6.9279813e+00   5.3198978e+00   6.7262781e+00
   5.8392444e+00   6.2190688e+00   4.0741609e+00
   7.2754784e+00   4.8446094e+00   8.0424914e+00
   5.5573207e+00   7.1734590e+00   6.2480653e+00
   5.0376902e+00   7.6309946e+00   6.1929443e+00
   5.6676210e+00   5.0597472e+00   3.9123490e+00
   6.5912089e+00   6.8718614e+00   6.8839474e+00
   5.9863269e+00   6.6864148e+00   5.7743807e+00
   6.4458152e+00   7.8915196e+00   6.7974542e+00
   4.4087625e+00   4.9984856e+00   4.8395820e+00
   5.2336366e+00   5.2269575e+00   7.2602549e+00
   6.5745035e+00   5.3449029e+00   7.1085003e+00
   4.9847089e+00   5.5112646e+00   6.2314677e+00
   5.0959817e+00   6.4444923e+00   5.9886595e+00
   7.0464844e+00   5.5395348e+00   5.7456420e+00
   5.6862923e+00   6.2558781e+00   5.1043494e+00
   7.1304738e+00   7.2729182e+00   7.1143529e+00
   7.2410646e+00   4.8553810e+00   5.1746480e+00
   7.9561847e+00   7.0011644e+00   6.3680733e+00
   3.4946146e+00   6.5292429e+00   7.4867564e+00
   4.7600401e+00   6.1871012e+00   6.8963906e+00
   6.6474423e+00   6.4277349e+00   6.2127426e+00
   4.8516221e+00   5.4702843e+00   6.5765743e+00
   6.3321940e+00   4.5663120e+00   5.8375029e+00
   7.3023405e+00   5.1757307e+00   3.9360768e+00
   6.1702227e+00   4.4987605e+00   7.0682811e+00
   5.4170150e+00   6.2656312e+00   5.8477667e+00
   6.5493746e+00   5.0656766e+00   4.6552863e+00
   6.0745423e+00   5.6739834e+00   6.4427664e+00
   6.3607229e+00   7.3721317e+00   5.4918394e+00
   7.8452731e+00   4.5964578e+00   5.4184720e+00
   4.0429647e+00   5.8986868e+00   7.8084116e+00
   7.4465327e+00   7.4881085e+00   5.6321561e+00
   7.1161986e+00   7.1198993e+00   6.0622680e+00
   6.3676965e+00   6.2849098e+00   6.1966639e+00
   7.3317275e+00   6.5101459e+00   6.2062538e+00
   6.5924653e+00   6.0849187e+00   6.5960887e+00
   5.4566101e+00   3.8620940e+00   6.2435510e+00
   5.6262444e+00   7.4622452e+00   7.0058336e+00
   5.8650344e+00   6.0673611e+00   5.8432524e+00
   5.6460916e+00   7.7768426e+00   3.8027610e+00
   4.6042699e+00   6.0846811e+00   6.2948784e+00
   5.9506001e+00   6.4274364e+00   7.6163271e+00
   6.1666683e+00   4.1638705e+00   5.4489939e+00
   5.1168605e+00   4.8065398e+00   4.6360831e+00
   8.2179272e+00   5.9802293e+00   6.6326649e+00
   5.5487677e+00   4.9995623e+00   3.6426891e+00
   3.6721235e+00   7.2265650e+00   6.4757220e+00
   6.1834673e+00   5.5060610e+00   6.8400128e+00
   7.4583035e+00   5.7982225e+00   6.7538006e+00
   4.8904744e+00   5.9487698e+00   8.0809070e+00
   4.9517700e+00   5.4835663e+00   6.0532868e+00
   6.0387692e+00   6.8332122e+00   6.4525613e+00
   6.4049479e+00   5.7567406e+00   5.8928799e+00
   5.2265262e+00   6.9449261e+00   6.3813434e+00
   6.6100399e+00   5.3083479e+00   5.6442828e+00
   6.6524098e+00   6.7812292e+00   7.0053720e+00
   5.2726371e+00   6.9251939e+00   5.3181058e+00
   4.5008007e+00   4.8743024e+00   6.7382338e+00
   5.1784160e+00   6.1318541e+00   5.9405465e+00
   5.5958919e+00   6.1604621e+00   6.0541660e+00
   6.7463792e+00   6.8556002e+00   6.3444022e+00
   6.6338870e+00   6.1548785e+00   5.9518474e+00
   7.5374051e+00   7.0748212e+00   4.8893584e+00
   4.9316409e+00   5.7468961e+00   7.5997434e+00
   7.1218588e+00   3.9830158e+00   6.0906183e+00
   6.9942087e+00   6.9169029e+00   7.3402192e+00
   5.0236136e+00   5.1482508e+00   7.0829986e+00
   5.5418987e+00   6.8487061e+00   5.3111072e+00
   7.1400042e+00   6.3675140e+00   6.5006203e+00
   6.8933072e+00   5.3512027e+00   4.8191724e+00
   6.0211571e+00   7.3004483e+00   6.7024160e+00
   6.3290352e+00   3.7187143e+00   6.5695370e+00
   6.4902226e+00   6.7212978e+00   5.5713928e+00
   7.7781262e+00   6.6142018e+00   5.5465269e+00
   7.2185762e+00   5.7882254e+00   7.0330865e+00
   7.3051265e+00   5.6426744e+00   8.3800423e+00
   7.3884680e+00   7.8888464e+00   6.2420504e+00
   6.9496239e+00   5.2290717e+00   5.8290820e+00
   5.7127902e+00   7.1521635e+00   5.3880939e+00
   6.8078663e+00   4.6052773e+00   5.9989269e+00
   4.6787581e+00   5.5367110e+00   6.3951102e+00
   6.6457164e+00   8.0452623e+00   7.0612056e+00
   3.6626671e+00   6.0973264e+00   7.7642275e+00
   6.8140211e+00   6.7110242e+00   5.1567169e+00
   6.5383523e+00   5.9030406e+00   6.3510929e+00
   5.9245496e+00   6.5517186e+00   5.8243220e+00
   5.3863046e+00   6.4575974e+00   4.2208840e+00
   2.9673497e+00   6.6337176e+00   6.3355869e+00
   5.7550864e+00   3.8009169e+00   5.5646176e+00
   5.6555728e+00   5.2289786e+00   6.8693784e+00
   6.5841173e+00   6.5418385e+00   5.1472891e+00
   6.1924730e+00   6.9747738e+00   7.3683533e+00
   5.3054901e+00   6.5335685e+00   7.0671744e+00
   6.1038826e+00   4.7121770e+00   7.3211055e+00
   5.9496893e+00   6.2669643e+00   6.8969805e+00
   4.5535566e+00   6.6092116e+00   7.4108300e+00
   6.1177831e+00   6.1138959e+00   5.9011213e+00
   5.9069155e+00   4.3877224e+00   5.6501634e+00
   7.9602604e+00   5.0358861e+00   7.2542547e+00
   7.1897197e+00   6.6627642e+00   5.7319160e+00
   6.7034547e+00   6.8125699e+00   5.8944942e+00
   6.3185599e+00   6.2248689e+00   5.0032271e+00
   6.0944286e+00   5.5577421e+00   7.4483278e+00
   6.0208624e+00   6.1664875e+00   7.8380352e+00
   7.4823765e+00   6.0200053e+00   5.9821492e+00
   7.3605029e+00   6.1682281e+00   6.3420538e+00
   4.7108309e+00   6.7334540e+00   6.1151324e+00
   6.6645605e+00   6.2984751e+00   7.1845176e+00
   7.8453490e+00   6.1853470e+00   4.3195625e+00
   6.5063904e+00   6.8323060e+00   5.7238845e+00
   5.4752510e+00   5.5621049e+00   6.1995884e+00
   7.0590191e+00   4.7299820e+00   5.4266195e+00
   5.2460042e+00   4.9904663e+00   4.9887625e+00
   5.8568911e+00   5.5317952e+00   7.2659165e+00
   6.3692527e+00   6.4547665e+00   4.2569036e+00
   4.4117419e+00   6.5357581e+00   5.3695523e+00
   6.6516427e+00   5.2324930e+00   4.6381923e+00
   5.7358277e+00   5.6989629e+00   4.9457481e+00
   6.9031754e+00   6.4387877e+00   4.7356272e+00
   4.2956546e+00   7.8634860e+00   6.0396109e+00
   6.9408259e+00   4.7438638e+00   8.3096779e+00
   4.4471096e+00   6.3124268e+00   5.6793662e+00
   6.8160483e+00   8.8004263e+00   4.6582885e+00
   5.8500453e+00   8.0809926e+00   7.7464060e+00
   8.0713620e+00   5.9941543e+00   5.8623516e+00
   5.1640909e+00   5.2694327e+00   5.4275329e+00
   6.1180869e+00   5.0944085e+00   4.9015134e+00
   6.6341734e+00   7.2911840e+00   5.4222866e+00
   5.2340309e+00   4.9709094e+00   7.6677447e+00
   5.6018373e+00   5.0478840e+00   6.1749625e+00
   5.0925342e+00   6.7244640e+00   3.5627538e+00
   5.3125219e+00   6.2496116e+00   6.4855994e+00
   6.7029974e+00   6.6133216e+00   7.2327417e+00
   4.1953872e+00   6.1933753e+00   5.2039096e+00
   5.9316215e+00   5.7131414e+00   6.3015868e+00
   5.3145656e+00   4.9102271e+00   5.8914749e+00
   5.2725824e+00   6.7974172e+00   7.7402511e+00
   7.3141019e+00   4.4171391e+00   5.3678920e+00
   6.0954444e+00   6.0048823e+00   6.6440871e+00
   5.2782163e+00   5.0408282e+00   7.3095235e+00
   6.2388523e+00   6.0118995e+00   4.4117349e+00
   4.0930720e+00   5.2038612e+00   4.0045144e+00
   5.2708781e+00   6.2042773e+00   6.4988919e+00
   4.0423777e+00   6.3823749e+00   5.4180826e+00
   6.6832487e+00   5.1685318e+00   4.7581853e+00
   5.2952914e+00   6.3041812e+00   7.3818967e+00
   5.8349219e+00   5.9710132e+00   5.5992948e+00
   5.5762006e+00   6.5390477e+00   6.0527544e+00
   6.1809988e+00   7.3211721e+00   5.7719716e+00
   7.5556860e+00   6.4112612e+00   5.5089409e+00
   5.7565986e+00   6.2497358e+00   5.3416806e+00
   4.7865808e+00   5.6283734e+00   4.4705395e+00
   4.4711374e+00   8.9954150e+00   7.2879819e+00
   5.6489247e+00   6.4706408e+00   8.1393083e+00
   6.0754545e+00   6.6754147e+00   5.1960226e+00
   5.6345993e+00   6.5976115e+00   6.1153197e+00
   3.9753502e+00   6.9537540e+00   6.2401039e+00
   5.1299771e+00   6.1929400e+00   6.9152864e+00
   6.2980005e+00   7.9092652e+00   5.5250879e+00
   4.0392300e+00   5.9836980e+00   6.4946404e+00
   6.3632566e+00   8.1785718e+00   5.4489797e+00
   7.4445082e+00   6.4672086e+00   5.1220171e+00
   4.7019065e+00   6.5644063e+00   6.7264318e+00
   4.7782536e+00   5.6555629e+00   8.2590713e+00
   5.3832863e+00   6.1668102e+00   6.4958923e+00
   7.0087784e+00   5.2122701e+00   6.0024335e+00
   6.1895974e+00   5.6739892e+00   8.1217162e+00
   5.2082200e+00   5.2125481e+00   6.7450235e+00
   6.8063871e+00   5.2162664e+00   5.8714834e+00
   4.8308112e+00   4.6868468e+00   4.2092195e+00
   4.8783043e+00   6.7522240e+00   5.5259060e+00
   4.7939598e+00   5.3869734e+00   4.3138930e+00
   6.2862386e+00   7.0662039e+00   5.8870346e+00
   7.4087077e+00   3.9279202e+00   6.5229109e+00
   4.5930723e+00   6.4008081e+00   5.9601622e+00
   5.0124361e+00   4.2849806e+00   5.3693528e+00
   6.0682098e+00   4.8312985e+00   6.6128205e+00
   4.8427991e+00   5.5800365e+00   7.9977746e+00
   6.3985907e+00   6.2384040e+00   3.2348361e+00
   5.4558475e+00   5.4273564e+00   6.1448101e+00
   5.6354565e+00   5.5267755e+00   6.8647027e+00
   4.8266022e+00   4.4310214e+00   7.8087673e+00
   5.2833391e+00   6.4710361e+00   7.4747236e+00
   7.2355261e+00   7.1815278e+00   5.5973633e+00
   4.9719197e+00   5.1350817e+00   4.4776645e+00
   6.2391638e+00   5.6623523e+00   5.4396920e+00
   7.3985222e+00   6.9384677e+00   5.8693615e+00
   5.0199532e+00   7.6013800e+00   5.0149250e+00
   1.0495831e+01   6.8604359e+00   6.0515664e+00
   6.6647153e+00   5.3877277e+00   6.4499167e+00
   6.4026533e+00   5.5012228e+00   7.3973346e+00
   7.8887793e+00   6.3601205e+00   6.0392267e+00
   5.9748859e+00   4.8598383e+00   6.0293636e+00
   4.2686595e+00   6.9026716e+00   6.2196960e+00
   6.2156329e+00   7.2663146e+00   4.5809085e+00
   7.6406967e+00   6.3212853e+00   6.7769750e+00
   6.7486405e+00   5.0842728e+00   8.8082736e+00
   5.1623977e+00   5.4196009e+00   5.8475669e+00
   3.8571174e+00   6.4137834e+00   7.1041780e+00
   7.5020402e+00   4.8133499e+00   5.5611469e+00
   8.0118144e+00   5.3866136e+00   6.0106241e+00
   5.0648476e+00   6.2199420e+00   7.0407963e+00
   5.6916738e+00   4.4311144e+00   8.2960577e+00
   5.7913565e+00   5.0906171e+00   7.4999631e+00
   6.0788620e+00   6.4249316e+00   6.6428995e+00
   5.1718313e+00   6.3134500e+00   6.0693354e+00
   6.0286257e+00   6.5132369e+00   7.1290419e+00
   6.0482667e+00   5.0200909e+00   4.5534491e+00
   5.9683864e+00   5.3087747e+00   6.1833173e+00
   5.6002263e+00   6.9639016e+00   6.1627059e+00
   6.2116200e+00   7.1641788e+00   5.9586557e+00
   4.1115161e+00   5.7711809e+00   5.6508857e+00
   6.3907290e+00   5.6471143e+00   6.6893434e+00
   6.3310840e+00   5.8395763e+00   6.2578369e+00
   4.5020981e+00   3.9664702e+00   5.4876465e+00
   6.0915416e+00   6.7868385e+00   5.0361293e+00
   6.9431993e+00   5.4467418e+00   6.4466140e+00
   7.2213571e+00   6.1910439e+00   6.5109456e+00
   6.1010429e+00   5.9733137e+00   5.1137876e+00
   7.7440030e+00   5.6039320e+00   6.5000398e+00
   6.0935067e+00   7.7757196e+00   7.2616927e+00
   4.7280475e+00   6.4636573e+00   6.9494557e+00
   5.6963297e+00   6.0544700e+00   6.5750332e+00
   5.1735891e+00   4.2631641e+00   5.4047716e+00
   4.6494859e+00   8.0270739e+00   5.6243274e+00
   6.4414537e+00   8.7525889e+00   6.4874228e+00
   5.3107493e+00   5.9906234e+00   6.1738085e+00
   4.6546303e+00   5.7248239e+00   5.4175765e+00
   5.9922788e+00   5.5933373e+00   6.8764496e+00
   6.1855161e+00   6.7670482e+00   7.5234948e+00
   5.8180160e+00   6.6115649e+00   7.0177330e+00
   4.6674456e+00   3.9067403e+00   5.9106742e+00
   6.4138698e+00   6.3349599e+00   3.9382747e+00
   6.0372220e+00   6.5612380e+00   4.7711701e+00
   6.3239651e+00   6.6338824e+00   7.2613872e+00
   5.1727379e+00   6.5003760e+00   6.5837413e+00
   5.2738150e+00   5.2500005e+00   3.2896849e+00
   4.4084446e+00   5.4535817e+00   7.1742136e+00
   6.5444735e+00   6.9001443e+00   5.0366145e+00
   6.8386957e+00   4.2270396e+00   6.3133058e+00
   6.3630089e+00   6.9463836e+00   5.5630391e+00
   4.6347206e+00   4.5523415e+00   5.9878849e+00
   6.8980096e+00   4.7114720e+00   7.0806006e+00
   6.7877313e+00   5.2962419e+00   6.1725835e+00
   5.2167213e+00   5.2722505e+00   7.1461230e+00
   4.0731014e+00   8.3762628e+00   5.1394150e+00
   6.0879826e+00   7.0117179e+00   6.5001154e+00
   4.7630494e+00   5.2230798e+00   6.1852986e+00
   6.8521981e+00   6.7192828e+00   6.9798270e+00
   6.0652193e+00   5.1953003e+00   5.1907666e+00
   5.8523743e+00   7.3422860e+00   4.0009018e+00
   6.1052809e+00   5.7998454e+00   6.0790623e+00
   5.5685364e+00   5.5477158e+00   5.4632417e+00
   4.9895775e+00   6.0441389e+00   5.3469751e+00
   7.2241373e+00   5.5957561e+00   6.1857172e+00
   6.9134930e+00   7.3937809e+00   5.5383787e+00
   5.4203739e+00   5.7165856e+00   6.1369684e+00
   5.6771240e+00   6.9564452e+00   6.3887202e+00
   6.1622627e+00   6.0974537e+00   7.4679329e+00
   6.2333465e+00   5.5605161e+00   5.3884210e+00
   5.9553612e+00   5.7278302e+00   5.1200520e+00
   5.4058873e+00   4.3519488e+00   6.7281755e+00
   6.8611724e+00   6.7197463e+00   5.9345813e+00
   6.0494575e+00   6.7265588e+00   6.2156824e+00
   7.2676958e+00   6.0327358e+00   5.0574501e+00
   5.9989214e+00   5.9153369e+00   5.9076587e+00
   6.6436694e+00   7.6732946e+00   5.0792010e+00
   4.7363677e+00   2.8843648e+00   5.9929877e+00
   5.4969331e+00   5.7764091e+00   7.3627850e+00
   5.2108487e+00   6.5177504e+00   5.3297184e+00
   5.8598300e+00   5.2926631e+00   5.6180631e+00
   5.8745462e+00   6.8746385e+00   6.1871355e+00
   6.4783304e+00   6.1983042e+00   3.8501716e+00
   6.0298544e+00   7.2350696e+00   5.7374876e+00
   6.5127450e+00   5.2038599e+00   5.9558412e+00
   4.8231530e+00   5.6492300e+00   5.3916241e+00
   5.3386651e+00   6.5627901e+00   5.1150034e+00
   5.3617478e+00   5.9527840e+00   6.3878989e+00
   5.4312228e+00   6.0126040e+00   5.5170452e+00
   5.4087066e+00   7.3000509e+00   6.0273438e+00
   6.3880404e+00   5.5008775e+00   4.4808780e+00
   6.5346679e+00   5.6052163e+00   5.4960563e+00
   6.5425658e+00   5.7319473e+00   6.2397329e+00
   6.7063435e+00   6.7823172e+00   7.9422508e+00
   3.8812216e+00   6.6375918e+00   5.2124695e+00
   4.8569867e+00   5.7493449e+00   6.5065009e+00
   7.1269566e+00   6.2408355e+00   5.6673840e+00
   6.6171161e+00   4.7432159e+00   6.6827327e+00
   6.5525408e+00   5.9053215e+00   7.4513173e+00
   7.0934467e+00   3.9109900e+00   7.2373960e+00
   5.2084594e+00   6.4753888e+00   6.8726568e+00
   6.6605686e+00   6.3097331e+00   6.1154653e+00
   6.4152620e+00   6.3604977e+00   6.0596890e+00
   6.0753076e+00   5.2425233e+00   4.4641454e+00
   5.1154586e+00   6.2080590e+00   5.9901141e+00
   4.2822601e+00   5.8051083e+00   7.7469497e+00
   5.2218689e+00   4.7340671e+00   6.8150904e+00
   5.9484262e+00   6.7705197e+00   7.3224707e+00
   5.5700013e+00   7.2375512e+00   4.8780123e+00
   6.1369690e+00   7.4628194e+00   5.1493302e+00
   6.5502106e+00   5.8736448e+00   7.1432474e+00
   4.4870959e+00   4.3927275e+00   5.2857614e+00
   7.4798044e+00   5.6290645e+00   6.8875250e+00
   5.0571670e+00   4.8785239e+00   4.7134948e+00
   7.6253939e+00   5.1620380e+00   5.8285303e+00
   5.8886462e+00   5.2764761e+00   5.4758028e+00
   7.1882616e+00   4.9933946e+00   6.2743940e+00
   6.0392115e+00   5.4866421e+00   5.9839856e+00
   5.5374869e+00   6.0716943e+00   6.2801595e+00
   7.3121200e+00   6.4544689e+00   6.2302268e+00
   5.7631563e+00   7.1375183e+00   6.2558343e+00
   5.7422740e+00   5.4267437e+00   7.2494243e+00
   4.8925684e+00   7.7015434e+00   5.8809430e+00
   6.3136256e+00   5.6038975e+00   5.7680431e+00
   6.2710508e+00   5.1980897e+00   4.9787589e+00
   5.8678881e+00   5.9583027e+00   4.5485219e+00
   5.7760551e+00   7.3999440e+00   4.3388115e+00
   3.9751772e+00   4.7532572e+00   8.4515589e+00
   6.0898809e+00   6.2159335e+00   6.6319847e+00
   6.6487751e+00   7.6152897e+00   8.1942570e+00
   6.7424219e+00   6.8531244e+00   5.3558481e+00
   7.4568586e+00   5.7235519e+00   5.4952594e+00
   6.8390821e+00   6.2096179e+00   6.0894483e+00
   6.7840299e+00   5.1155133e+00   6.2714349e+00
   6.7245242e+00   5.6459950e+00   5.6064846e+00
   4.3990387e+00   6.3324481e+00   4.5308444e+00
   6.6307317e+00   6.3644414e+00   6.3033220e+00
   5.3455797e+00   6.7943120e+00   4.6981213e+00
   6.8111563e+00   4.4779961e+00   5.6406364e+00
   6.2040278e+00   6.9521075e+00   7.3301492e+00
   5.9681388e+00   5.3667608e+00   6.3415804e+00
   7.6846706e+00   5.8967349e+00   5.8029832e+00
   7.4176031e+00   5.6242050e+00   6.7742134e+00
   6.6715101e+00   6.9486433e+00   5.7962809e+00
   6.1025622e+00   4.2112143e+00   5.9306860e+00
   7.2946189e+00   6.2114834e+00   8.0713370e+00
   5.7900620e+00   5.8905155e+00   4.8377151e+00
   5.9551306e+00   5.1819964e+00   4.6465970e+00
   6.7450446e+00   3.4152735e+00   5.0905420e+00
   5.4446250e+00   5.8605152e+00   5.7795284e+00
   5.9652739e+00   3.9028908e+00   4.6298460e+00
   6.8907056e+00   5.6295548e+00   5.2857590e+00
   6.2511445e+00   5.8631251e+00   5.5173655e+00
   6.9867419e+00   7.2395815e+00   6.7883544e+00
   5.7869285e+00   5.6375391e+00   6.2779122e+00
   8.1922664e+00   6.9856972e+00   6.5623589e+00
   5.6727510e+00   6.2884831e+00   5.5939563e+00
   5.3868990e+00   7.5673396e+00   8.0349665e+00
   7.6827381e+00   5.0590082e+00   6.7415632e+00
   4.0159882e+00   4.9039524e+00   5.5882109e+00
   6.1975112e+00   5.1760036e+00   4.9363546e+00
   5.5437819e+00   7.4084743e+00   6.8414424e+00
   6.5571889e+00   5.6084654e+00   4.3766214e+00
   5.5022702e+00   5.7786898e+00   4.3117650e+00
   5.4552669e+00   5.8477129e+00   4.9904179e+00
   6.1357071e+00   5.0225087e+00   6.2626368e+00
   7.5406389e+00   6.1480827e+00   5.8787588e+00
   6.6222467e+00   6.3971219e+00   5.5669772e+00
   5.6809014e+00   6.2216376e+00   7.9511627e+00
   4.5980232e+00   6.8322284e+00   6.7572447e+00
   7.6691961e+00   5.6892474e+00   5.6178980e+00
   5.6641501e+00   5.5035779e+00   6.3275036e+00
   6.3178214e+00   5.0171686e+00   5.9891778e+00
   5.3356700e+00   6.6879159e+00   5.9224008e+00
   5.7724312e+00   5.7104035e+00   7.0126759e+00
   5.9189459e+00   4.5021470e+00   7.4068207e+00
   5.9164339e+00   5.5901780e+00   8.2468991e+00
   7.7215475e+00   5.0466347e+00   5.0469094e+00
   5.3387557e+00   5.6649837e+00   5.4097628e+00
   6.6027954e+00   5.4901205e+00   7.1227923e+00
   3.3828531e+00   2.9286511e+00   5.5429635e+00
   5.2641036e+00   5.1764743e+00   7.3750083e+00
   5.9433388e+00   5.2164499e+00   5.1539519e+00
   7.7094186e+00   5.8369432e+00   6.4390403e+00
   6.4026115e+00   6.8292109e+00   6.2022841e+00
   6.6970821e+00   6.0660797e+00   7.4611133e+00
   4.1084990e+00   4.8260504e+00   7.6484654e+00
   7.2602223e+00   5.4921737e+00   7.6092848e+00
   4.5970675e+00   6.6166016e+00   7.6202407e+00
   6.1197299e+00   6.5795833e+00   6.0734223e+00
   5.6469004e+00   7.1310693e+00   5.0243029e+00
   5.9084308e+00   4.9778106e+00   6.2061480e+00
   6.3771088e+00   6.4721337e+00   4.8877492e+00
   5.2895987e+00   5.2666640e+00   3.9940512e+00
   5.6546010e+00   6.3268446e+00   6.3631663e+00
   6.0532601e+00   6.2972490e+00   6.1988288e+00
   5.5250089e+00   7.3740168e+00   5.5711128e+00
   6.8754861e+00   5.4550983e+00   7.9738292e+00
   6.2221700e+00   3.9778150e+00   5.7632925e+00
   4.6876913e+00   3.9123619e+00   6.8442314e+00
   6.2340329e+00   6.5385855e+00   6.1105797e+00
   6.9599334e+00   7.3868884e+00   5.5930084e+00
   6.8956131e+00   6.3289827e+00   6.4454360e+00
   5.6550793e+00   5.0476771e+00   6.0537321e+00
   6.1144573e+00   6.2815036e+00   5.3151337e+00
   3.4736200e+00   7.0116744e+00   6.9777594e+00
   6.1586360e+00   5.6968928e+00   5.8246314e+00
   8.2085894e+00   5.9341861e+00   6.7513283e+00
   6.1510904e+00   5.6954264e+00   4.9996516e+00
   3.9081539e+00   6.1226020e+00   7.3758829e+00
   6.3839628e+00   9.0481896e+00   5.5731747e+00
   6.2262840e+00   5.8990051e+00   7.0639197e+00
   7.3286556e+00   6.4091079e+00   6.8823171e+00
   8.1050556e+00   4.9828409e+00   5.4405456e+00
   6.1954061e+00   6.1207114e+00   6.6924341e+00
   6.1486849e+00   5.2057008e+00   5.5788301e+00
   5.5611064e+00   8.4673790e+00   8.3160685e+00
   6.7563435e+00   5.2152425e+00   5.9045258e+00
   6.8030141e+00   4.7492133e+00   7.2802709e+00
   6.5540593e+00   6.8735495e+00   6.4342236e+00
   5.8449541e+00   5.8393662e+00   7.0639822e+00
   5.7236484e+00   7.4676915e+00   7.9891455e+00
   4.9662100e+00   6.8098262e+00   6.2933516e+00
   7.5374449e+00   5.8485363e+00   6.4530757e+00
   5.4372779e+00   4.4048176e+00   4.6699762e+00
   6.6857630e+00   4.9842738e+00   5.8844012e+00
   5.0669490e+00   6.5063686e+00   6.9152262e+00
   5.3497133e+00   5.9912568e+00   5.0002817e+00
   6.3931048e+00   6.2216947e+00   5.8577285e+00
   5.9327217e+00   5.2486014e+00   5.8100019e+00
   2.9386770e-01   3.0674657e-01   1.3012057e+00
   3.5207068e-01   6.1007362e-02   5.2997914e-01
  -1.3968009e-02   1.1206473e+00  -1.1867403e+00
   3.4403611e-01  -7.8024191e-02   4.1825374e-01
   9.6045218e-01   1.6334197e+00   1.3666001e+00
  -7.3323242e-01  -6.5332057e-01  -2.1114752e+00
  -1.2912821e+00   8.7793924e-01   9.4970935e-02
   3.9866927e-01   2.5914592e-01  -6.9878119e-01
  -1.6765027e+00  -2.3312384e-01  -1.0168497e+00
   4.6638821e-02  -1.0619240e+00   1.1722803e+00
   9.8828915e-01  -7.6749382e-01   3.8018335e-01
   7.8960055e-01   9.1619743e-01   4.4878861e-01
   9.1637710e-02  -1.3234902e+00   7.1787009e-01
   1.2523544e+00  -3.6071488e-01   8.6815586e-01
   3.7794789e-01  -1.2583512e+00   5.7606286e-01
   2.4837604e-01  -1.3379667e+00  -4.5065527e-01
  -3.9280477e-01  -1.0690950e+00   1.3244490e-01
  -3.0244772e-01  -9.7134651e-01  -6.2160742e-01
  -1.1963636e-01   9.7086855e-01  -4.1811271e-01
  -6.9999158e-01  -1.5623485e+00  -1.9010002e+00
  -7.8816485e-01  -2.4958575e-01   2.3421210e+00
   9.3475319e-02  -2.0448265e-01   1.4716382e+00
  -3.6224479e-01  -2.6636769e-02  -1.2753591e+00
   5.4125158e-01   1.1943845e+00  -1.1487085e-02
  -3.6301538e-01  -2.8401186e-01   5.6087502e-02
   3.0759900e-01   2.4689979e+00  -1.9161450e-01
   6.9341622e-01  -1.8654854e+00  -6.5538112e-01
  -2.2776188e-01   1.7797581e+00  -1.4940467e+00
  -9.8816806e-01  -5.9627079e-01  -1.0926550e+00
  -1.6231612e+00   2.3667103e-01   8.1366208e-01
   1.2132020e+00   3.7090039e-01   1.7447239e-01
  -7.7122614e-01  -4.8818842e-01  -9.4039635e-01
  -1.3751116e+00   2.2770382e+00  -9.0970323e-01
   5.2919378e-01  -3.1514943e-01  -1.5585333e+00
  -2.2227634e+00   3.8434840e-01  -3.1831029e-01
  -1.0356123e-01   1.1593998e+00  -6.7142378e-01
   9.5736477e-03  -1.1638725e+00   1.2641679e+00
  -6.0684492e-01  -9.0341027e-01   1.3851313e+00
   8.1579851e-01  -9.0871308e-01   2.6678213e-01
   7.8604586e-01   9.6276372e-01  -4.4139683e-01
   7.3771164e-01  -8.9392199e-01   6.2695110e-01
   7.8802914e-01  -7.4889022e-01  -8.2719370e-01
  -1.4383937e-01   1.0862571e+00   1.0540178e+00
   1.2522135e-01   2.2239353e-01  -1.5190852e+00
   2.3364630e+00   1.7408395e-01   5.4420964e-01
   8.6720964e-01  -1.3840257e+00   1.4117332e+00
   4.6434243e-01  -2.6832097e+00  -4.8224852e-01
  -7.9045360e-03  -1.6255847e+00   1.7688086e+00
   4.5046362e-01   9.8519376e-01   1.8720002e-01
  -2.4679297e+00  -8.9943622e-01   2.7502270e-01
  -4.9466326e-01   1.2424571e+00   1.7579626e+00
   7.0712837e-01   2.2097984e+00  -5.9071145e-01
   1.1830418e+00  -3.5152677e-01  -1.6473132e-01
   1.2367366e+00  -1.8666644e-01   1.0363046e+00
   7.2145312e-01  -4.3399757e-01   1.0765042e+00
  -6.9205484e-01  -9.6081666e-02  -6.1190887e-01
  -7.1013478e-01  -1.4033285e+00   1.1653674e+00
  -5.3108838e-01   2.7269773e-01   4.0259531e-01
  -2.0130925e-01  -5.8716319e-01  -6.1818245e-01
  -9.2033664e-02  -2.5079001e+00   7.3066137e-01
   6.8900985e-01   1.5117452e+00  -5.1629524e-01
  -3.6768681e-01   4.0930576e-02  -7.6627060e-01
   1.0257547e+00   1.3953668e+00  -2.6356495e-01
   2.4628179e+00  -1.5288656e-02   1.2025098e-01
  -6.4779819e-01   2.4498849e+00   1.9553899e+00
   1.5714308e+00  -2.5987098e-01   3.0302338e-01
   1.3184818e+00   1.3459259e+00  -3.8591215e-01
  -4.2605625e-01   9.8877744e-01   2.0623538e+00
  -6.9609742e-01  -6.0846287e-01  -8.3862007e-01
   1.7539148e-01   1.0095539e+00  -2.8262063e-01
  -8.7039298e-02   3.0356364e-01  -8.0543069e-01
   3.6753726e-01  -2.9041064e-01  -2.4257363e+00
   4.5722106e-01  -6.6376744e-01  -8.7161296e-01
   2.6718954e-01   3.6183159e-01   1.3008250e+00
  -1.1310827e+00   2.4371916e-01  -5.6661798e-01
  -1.3894687e+00   6.9882281e-01  -4.4111725e-01
  -1.0463959e-01   1.4760917e-01  -9.9066421e-02
   2.4001464e+00  -8.9441606e-02  -5.6854999e-01
   1.8601921e+00  -6.6538319e-01  -2.1085161e-01
  -2.2084008e+00  -1.1530953e-01   1.2249224e+00
   8.2133622e-01   1.5444131e+00   6.6177378e-01
   1.7837865e+00   1.0572434e+00  -3.2573777e+00
  -2.1468619e-01  -1.3328415e+00  -1.0942808e-01
  -5.0845235e-01   8.7002396e-01   4.8950087e-01
  -5.3361709e-01   8.2269469e-01   9.5134118e-01
   1.2627822e+00  -1.0402649e+00  -5.3828467e-01
   1.4776811e+00   2.8179343e-01  -1.4389642e+00
   7.6205674e-01  -2.2427440e+00   1.2666354e-01
   6.2109300e-01  -1.1454557e+00  -2.7630234e+00
   5.7466722e-01   4.3458712e-03   2.1906205e+00
  -3.7686450e-01   9.4546734e-01  -2.3328335e-01
   8.7930023e-01  -1.2993936e+00   1.5662748e+00
  -9.5369979e-01   1.1045912e+00  -5.7654171e-01
   1.3304398e+00   1.8542158e-01  -6.0196676e-01
   5.3265099e-01  -4.4590958e-01   3.1016320e-01
   3.1635919e-01   1.0071454e+00  -2.7794394e+00
  -1.7113577e-01  -3.1048409e-01  -4.0472627e-01
  -5.7162065e-01  -1.9947293e+00  -4.4763821e-01
   1.7175476e+00  -4.9280311e-01  -6.4387384e-01
   1.1287343e+00   3.9508299e-01  -2.4683140e-02
   7.3013115e-01  -1.9406872e+00  -1.8527337e-01
   6.8734612e-01   9.7152153e-01   7.5511962e-01
  -1.5722813e+00  -1.5441389e-01  -1.8521848e+00
   3.4440623e-01   1.3757178e+00  -8.6036107e-01
  -3.4554714e-01  -8.6840512e-02  -2.1115107e-01
   5.6752082e-01   8.4918053e-02   1.1025422e+00
  -2.6683322e-02  -3.3466910e-01   2.5088879e+00
   2.2983255e-01  -8.6065181e-01   3.0084662e-01
  -7.9983972e-01   7.8187485e-01   8.2516491e-01
  -1.0290999e+00  -3.3245849e-01   4.0850854e-01
  -6.1819168e-01   1.4164750e+00   2.5175538e-01
   3.0116203e-01  -6.0171647e-01   1.1125579e+00
  -3.0507992e-01   7.1850067e-01  -9.0003521e-01
   1.0065862e+00   1.3738884e+00  -1.8729714e-01
   6.7876425e-01   6.0418939e-01   1.5531799e+00
  -2.9129338e+00  -1.2949091e+00   2.0694801e+00
   1.5850010e-01  -1.0619959e+00   9.5741699e-01
   9.2019118e-01   7.5198353e-01   1.5183828e+00
   1.1508406e+00   6.4033791e-01  -1.4005758e+00
   1.7563556e+00  -1.8470845e-01  -3.1745859e-02
  -4.2113426e-01  -6.1569754e-03  -5.8001004e-01
   1.3497101e+00   1.6332245e+00   4.6383503e-01
   6.4567826e-01   4.6701968e-01   1.7081949e-01
  -1.0379185e-01  -5.8596994e-01  -6.6788405e-01
   9.7144989e-01  -1.9308617e-01  -3.5785722e-01
  -2.3506848e+00  -8.7401027e-01  -1.4552896e+00
  -3.2653303e-01  -3.1311378e-01   2.1980088e+00
  -6.5129485e-01   4.3892112e-02   1.7513770e-01
  -2.2173819e+00  -3.0142405e-01  -2.0631516e+00
   6.3767597e-01   1.3953420e+00   1.8965828e+00
   7.4988891e-01  -4.2273753e-02  -1.2534817e+00
  -1.0049834e+00  -3.6449041e-01  -1.2203421e+00
   4.6522887e-01   7.6022595e-01   1.1506570e+00
   3.7858738e-01  -1.8648277e-01   1.4451579e+00
  -9.4603940e-01  -2.1619508e-01   3.3177902e-01
   2.5541629e-01   4.8796074e-01   3.9916494e-02
   6.7539308e-01  -2.4964973e+00   1.0577404e+00
  -1.3827009e+00   2.3496611e+00   5.6992854e-01
   6.9025847e-01   2.0091833e+00   1.4402376e+00
  -8.0633574e-01   1.7903349e-01   2.4314141e-01
   3.8893603e-01  -1.0433775e+00  -2.6204586e+00
   4.7050405e-01  -1.1318111e+00   9.1502558e-01
   1.1547090e+00  -3.8701644e-01  -1.2202300e+00
  -8.1635286e-01   1.1876650e-01   2.5353121e-01
  -5.1635080e-02   8.4071436e-01   4.3736425e-01
   1.2855290e+00   9.3466703e-01   8.3394112e-02
   8.0499981e-01  -2.0086658e+00  -1.5726723e-01
  -3.3282473e-01  -8.4000560e-01  -9.7986006e-01
   9.4632878e-02  -1.1733047e+00  -2.6044438e-01
  -1.3249814e+00  -9.7117541e-01   2.7340180e-02
  -4.1261982e-01  -6.8874507e-02  -3.6001780e-01
  -1.8804087e+00   9.9676379e-01  -7.3781761e-01
  -8.8483745e-01   1.7501800e+00  -2.1226437e+00
  -1.9867702e-01  -1.0082791e+00  -7.1227187e-02
  -8.0854085e-01  -8.9333232e-01   1.4555801e+00
   2.1143457e-01   1.4537722e+00   2.5357073e-01
  -2.8461455e-01   1.7904999e+00   2.4999013e+00
  -8.5474912e-02   7.8288800e-01   2.3337078e-02
  -1.3011543e+00  -1.3422553e+00   4.6227033e-01
   1.3003839e+00   4.2075230e-01   1.0050437e+00
   1.0538349e-01  -1.8805452e+00  -1.4970544e+00
   3.6200165e-01  -1.2464748e-01   2.2834830e-01
   6.8881885e-01  -8.3531186e-01  -2.1304267e-01
   1.2027250e+00   1.0506289e+00  -8.1924796e-01
   1.1647191e+00   2.2890024e+00  -1.5189997e+00
   1.7563486e+00  -1.6017970e-01   1.5423236e+00
  -1.9507109e+00  -1.3092166e+00   1.2754182e+00
   4.2680431e-01  -1.4929722e-02   6.1946993e-01
   4.5196085e-01  -1.0076466e-01   1.3049567e-03
  -1.1855789e+00  -1.6373502e+00  -2.4174625e-01
  -1.9671085e-01   2.6739214e-01  -1.9518097e-03
   6.9296045e-01  -3.0960535e-01   1.1248057e+00
  -2.1936640e+00   9.7324767e-01   1.7609539e+00
  -5.3088929e-01  -1.9115054e-01  -1.4963624e+00
   4.4385314e-01  -1.0000674e+00   3.8077739e-01
  -9.3599978e-03   1.5850931e-01   6.0215294e-01
  -7.1655582e-01   1.9807862e+00   6.9446735e-01
   3.6744315e-01  -8.6166330e-01   8.9263244e-01
   1.5175774e+00   9.5069510e-01  -1.0463833e+00
  -6.0385618e-01   1.5956509e+00  -7.5526532e-01
   4.5271267e-01   7.0695128e-03   2.8399091e-02
   4.3095672e-01  -1.8363763e-01   2.7603458e-01
   9.6484547e-01  -9.0291353e-01  -1.0802563e+00
  -1.8296952e+00  -8.6713950e-01   2.4148204e-01
  -7.1844735e-01   7.8690303e-01   1.0309059e+00
  -3.6696231e-01   4.2164507e-02  -1.3121699e-01
   9.9764227e-01  -3.3824535e-01   2.2148549e-02
  -1.4201635e+00  -1.3879890e+00  -1.7645514e-01
   2.1125908e-01  -1.1116012e+00   1.4344016e+00
   5.0349804e-01  -3.0016291e-01   1.7975074e+00
  -4.4159534e-01   7.8807371e-01   5.2870241e-01
   1.5852428e-01  -6.8446188e-01  -1.2029610e+00
  -2.1807317e-02  -1.6590679e-01  -1.0139570e+00
   1.9255626e+00   8.0803754e-01  -1.4615837e-01
  -9.1239506e-01   2.9614975e+00   1.2719224e+00
   5.8135378e-01  -8.4753206e-01   3.4819026e-01
   6.9583724e-01   9.0110330e-01   4.6237023e-01
   1.2802450e+00  -9.4433588e-01  -3.8943149e-01
   9.3135237e-01   8.8572336e-01  -7.6135484e-01
   1.4879689e-01  -5.0157088e-02  -3.4598262e-01
  -1.2073047e+00   7.0163332e-01  -1.2698201e-01
  -5.2470125e-01  -8.8809786e-01   7.7834718e-01
   1.0669713e-01  -6.1526621e-01   1.8918478e-02
   1.2371933e+00  -3.3840331e-01   3.2003008e+00
   2.8115538e-01  -6.2306957e-01   4.9622261e-01
   4.8161680e-01  -7.3947534e-01  -6.9822927e-01
  -3.8355428e-01   6.2972170e-01   3.0430760e-01
  -1.5685984e-01   1.1940168e-01   1.1706312e-01
   2.0996721e-02   7.3312027e-01  -9.8464081e-01
  -4.4035013e-01  -2.0797330e-01  -6.7543743e-02
  -5.0736071e-01   2.3861526e-01   1.3283077e-01
  -1.3009979e+00   7.8812253e-01   1.5271886e+00
   7.0991062e-01  -1.7396117e+00  -9.5701715e-01
   7.1790421e-02   7.5789515e-01  -3.1516338e-01
  -6.0102234e-01  -6.4410434e-01   1.1161057e+00
   1.9720522e+00  -4.5863816e-01  -3.4964553e-01
   1.6300581e+00  -2.3833854e-01   7.8812057e-01
   1.6710386e+00  -2.0059756e-01   4.7738115e-01
   1.6049539e-01   4.1924966e-01  -1.7652863e+00
  -7.8259252e-01   1.1096187e+00   9.9571545e-01
  -9.3887279e-01  -6.8740720e-01  -2.0677110e+00
   5.6948336e-01  -1.2283480e+00  -1.6096812e-01
   1.0157416e+00   1.5326480e-01   7.8277360e-01
   6.2801529e-02   1.0584263e+00   1.3983079e+00
   1.4002483e+00  -7.7899851e-01  -3.7189781e-01
   1.4681289e+00  -5.2428046e-01  -1.1075963e-03
   1.5123366e-01  -1.4018357e+00   5.1334270e-01
   6.5963510e-01   9.1731559e-01   3.0115594e-01
  -4.3495375e-01   1.2104927e+00  -6.1866899e-01
  -1.1687640e+00  -7.1276153e-01   9.9520144e-01
   8.3217143e-01  -1.2291324e+00  -1.1955792e+00
   3.1380089e-01   1.0346479e-01  -8.5487503e-01
  -1.7131141e-01  -1.3973892e+00  -1.6422382e+00
   1.1583712e+00   1.2919088e+00  -1.9197636e+00
   5.4441341e-01  -2.3975845e-01   9.0354091e-01
  -1.0422179e+00   9.5286909e-01  -7.0250851e-01
   1.3345029e+00   2.0695440e-02  -7.5272176e-01
   4.1423827e-01   1.3399582e+00  -1.7141218e-02
   5.7121497e-01   1.7823387e-01   3.7749701e-01
   3.5232644e-02   2.3709322e-01  -3.8388023e-01
   2.9816675e+00   3.2792960e-01  -2.2562758e-01
   8.7299648e-01   1.1055143e+00  -1.2158518e+00
  -7.3573862e-01   3.1452105e-01  -1.1736142e+00
  -4.9219250e-01  -4.6130926e-01  -1.7936544e-01
  -2.9404531e-01  -1.3248446e-01  -3.4542957e-01
   4.7052315e-01  -8.1647787e-01   3.6468699e-01
   1.4930407e+00   2.6129447e-01   1.8458987e+00
  -3.6958652e-01  -1.6275470e+00   8.1443150e-01
  -1.1327552e+00  -1.7400159e+00   6.0542113e-01
  -2.3470849e-02   1.6210520e+00  -1.1279246e+00
  -6.4812307e-01  -7.6179788e-01   5.2919417e-01
   3.0062339e-01   1.0508250e+00   2.2363554e-01
   1.7502193e+00   4.4689305e-01   2.4784200e+00
   5.0042594e-01  -9.0440034e-01  -1.9264249e-01
  -1.2939950e+00  -1.0910863e+00  -3.6562467e-01
   4.8043724e-01  -1.0239253e+00  -1.1956606e+00
   6.4315377e-01  -4.5214803e-02   3.0055513e-01
   8.9252313e-01  -1.5097645e+00  -1.0137514e+00
   2.2019954e-01   2.5268869e+00  -2.9946688e-01
  -2.0424190e+00   3.0581889e-01  -4.3627116e-01
   4.3139106e-01  -3.6030935e-01   4.4086727e-02
   3.5338484e-01  -1.3751198e+00   1.3149847e+00
  -3.5218931e-01  -9.4663848e-02  -8.0557401e-01
   2.1936652e+00  -4.2014334e-01   3.3490444e-01
  -2.7075318e-01   1.2979069e+00  -2.1004786e+00
  -6.2786873e-01  -1.8264283e-01  -4.7671476e-01
  -5.4779039e-01   3.7680351e-01   1.5561958e+00
   2.2947283e-02  -1.8688082e-04   1.9753058e+00
  -6.7794269e-01   1.9928775e+00   1.8791386e-01
  -4.2519197e-01  -8.1410113e-01  -1.3016566e+00
   1.6632850e+00  -4.0789535e-01   2.1784570e-01
   1.1484640e-01   6.8517408e-01   2.3705888e-01
   6.8651818e-01  -3.3783494e-01  -1.1425929e+00
   5.0593956e-01   1.8147657e+00  -2.7656002e-01
   2.5755175e-01   1.4885589e-01  -3.7422992e-01
  -2.1820060e-01  -5.1203292e-01  -9.9058283e-02
   9.4058130e-01  -3.1439655e+00   1.5851405e+00
  -1.2732568e+00   1.2956740e-01   2.1457484e-01
   1.5903774e+00   3.2635068e+00   4.5573378e-01
  -1.8493707e+00   9.9539067e-02  -1.3618811e-01
  -1.7903428e-01  -4.4485847e-01   1.6419656e+00
   1.1085474e-01   1.2408777e+00  -4.6763655e-01
  -5.3057745e-01   1.4796147e+00   1.0794616e+00
  -1.8060900e+00  -8.8880635e-01  -6.0575260e-01
  -4.0404792e-02  -2.2974857e+00   1.2741170e+00
  -1.0424762e-02   2.9751377e-01  -1.6937025e-01
   1.9479534e-01   4.5534313e-01  -3.1744312e-01
  -3.3346091e-01  -1.2763701e+00  -4.4467479e-01
   1.8210011e+00   7.7358822e-01   1.7975042e+00
  -8.8087762e-01  -7.1444110e-01   2.6052511e-01
  -1.7822902e+00   1.5017067e+00  -1.1009220e+00
   1.2355371e+00  -4.5520218e-01  -7.1590121e-02
  -2.4118122e+00  -6.4031966e-01   4.5699410e-02
   6.7916733e-01   6.5213698e-01  -1.2291540e+00
  -1.9998370e+00   6.7406927e-01  -1.2886568e+00
   8.1680532e-01  -2.4666894e-01   2.2088932e-01
   2.6721292e-01   9.5592718e-01  -3.0969102e-01
   7.2713068e-01   7.3748914e-01  -5.0009971e-01
  -1.9743247e+00   2.9293113e-01   4.7155614e-01
  -1.4510492e+00   4.3130782e-01  -1.2333429e-01
  -8.1309921e-01  -8.8188301e-01   1.3931898e-01
   2.1783249e-01  -3.1170898e-01   8.6999805e-01
   7.5950072e-01  -8.0338410e-01  -1.6430708e+00
   5.6903852e-01   7.7075783e-01   1.0189043e+00
  -1.1991186e+00   5.0294173e-01   9.4165318e-02
  -2.3102450e+00   3.1423416e+00   3.2441877e-01
  -4.9336906e-02  -1.3992104e+00  -4.6929104e-01
   2.3806723e+00   3.6984857e-02   1.9396732e+00
  -9.9042467e-01   1.8053944e-01   2.2666828e-01
  -2.7692774e+00   6.9864090e-01  -3.5771726e-01
  -2.4142483e-01   2.4634112e-01   8.1485012e-01
   7.7770471e-01  -1.8503717e+00  -3.0010553e-01
   1.8967184e+00   8.3893871e-02  -1.6255256e+00
   7.2238489e-01   2.1566020e-01  -7.2935496e-01
  -6.5747064e-01   6.5160842e-03  -6.5352734e-02
   1.4379471e+00  -3.6914283e-01   9.3055699e-01
  -1.5899315e-01  -2.3975429e-01  -1.8124721e+00
  -1.1474237e+00   4.3304074e-02   5.7342416e-01
   1.2768156e+00  -7.2255611e-01   9.3155718e-01
  -2.9451537e-01  -4.3105654e-01   5.3549864e-01
  -7.2118381e-01  -8.8060359e-01  -8.3143247e-01
   1.4549539e-01   8.8888159e-01  -1.2622788e-01
   6.7724904e-02  -1.3311061e+00  -1.7232679e+00
  -4.0471470e-01  -2.1800326e-01  -2.9415192e-01
  -7.6861883e-01   1.2862304e+00  -8.3491890e-01
   1.8481343e+00  -2.3642675e-01  -1.3068477e+00
  -1.0654038e+00  -2.2103010e+00  -1.0555921e+00
  -1.1946857e+00   2.1307215e-01   1.5384411e-01
  -5.8992663e-01   2.6805243e-01  -5.8765972e-01
  -1.6988555e-01  -4.0326612e-02  -9.4369135e-01
   1.6881007e-01   6.6858074e-02  -3.4882472e-01
   1.4188371e+00  -2.1739551e-01  -4.8825143e-01
   5.9099438e-01   1.2018459e+00   8.4494150e-02
   9.8568898e-02   2.5218412e-01  -2.5679724e-01
   2.8607631e-01   6.3046219e-01   8.4141957e-02
  -2.1291426e+00   8.2216132e-01   1.2381906e+00
  -5.8788776e-03  -1.8844159e+00   1.5082696e+00
  -8.8244831e-01  -1.4255282e-01  -1.2150227e-01
  -1.5247193e+00   9.2086402e-03  -9.7131680e-01
  -5.0748275e-01   2.9137339e-01  -8.9846634e-01
   1.7757464e+00   1.1867359e+00   7.8477135e-02
   5.5834246e-01   1.1585360e+00  -4.8110299e-01
   5.3153734e-01   1.0355486e+00   1.4822923e+00
   1.1620373e+00   1.8871180e+00  -5.2555860e-01
  -1.4264302e-01  -4.2245808e-01   4.7065872e-01
   1.6495708e+00   7.3155991e-01  -1.0293545e+00
  -1.1765623e+00   6.0601371e-01  -1.3380050e-01
  -5.6279689e-01  -6.4435791e-01  -1.0250924e+00
   3.5903819e-01   3.7745463e-01   2.7958781e-01
  -4.7833004e-02   1.8050512e-01  -8.2148337e-01
   1.5790889e+00  -1.6405925e-01  -1.3600166e+00
  -6.6699876e-01  -4.9800525e-01   1.5525449e+00
   5.5747636e-01   5.6842850e-02  -8.5463328e-02
  -6.4734575e-01  -2.1984256e-01  -3.4983638e-01
  -5.2149026e-01   1.5628580e-01   1.1721046e+00
  -2.1072367e-01  -6.0818099e-01   1.3502382e-01
  -4.1128366e-01  -1.5351095e+00   2.1101518e+00
  -3.8951605e-01   5.7673853e-01   4.4502869e-01
   1.3762968e+00  -2.0429526e+00  -1.9853170e+00
  -8.9368507e-01  -6.5733946e-02  -6.1478043e-01
   2.6098351e-02   3.7062016e-01   2.1917291e-01
  -3.7035496e-01   4.3578334e-01  -8.1904512e-01
  -3.4543227e-01   4.1572331e-01  -8.2099743e-01
   7.9468505e-01   1.1002785e+00  -2.6688367e-01
   2.2981737e-01   1.7144109e+00   6.8764171e-01
   1.4740979e+00  -2.0621956e-01   1.3493983e+00
   5.1862324e-01  -1.3886850e+00   8.3178933e-01
   2.7021189e-02  -3.0694995e-01   1.5886924e+00
   7.1490998e-01   5.9169282e-01  -9.6682594e-01
   4.8311436e-02   9.3139376e-01   5.7904855e-01
   1.4273873e+00  -2.5735652e-01  -5.4566600e-01
  -1.8350089e+00  -5.4125653e-01  -3.3146487e-01
   1.3840835e+00  -5.0881979e-01   8.5202620e-02
   1.1816607e+00  -3.1783660e-02  -8.1442071e-02
   3.3893404e-01   8.8394775e-01  -1.1076231e+00
  -9.0868770e-01   7.6558086e-01  -5.5729554e-01
   1.6274189e+00  -1.3945628e+00   9.1126975e-01
  -4.0486639e-02   7.7450504e-02   7.9631753e-01
   6.6090972e-01  -1.1577786e+00   1.2608751e+00
  -1.1398746e+00   3.1151145e-02  -2.4679338e-01
   8.3259489e-01   1.9043330e+00  -4.2245818e-02
   2.5172534e+00   6.3691243e-02   2.7046400e-01
   7.8240912e-01  -1.7843344e+00  -9.4020182e-01
   5.6328591e-02   1.8791883e+00   1.5330024e+00
   7.9822702e-01  -2.1149381e-01  -3.0472160e-01
   1.5687722e+00   1.3410626e+00   5.4620111e-01
   7.5885426e-01   6.0984593e-01  -3.9983674e-02
   3.8476339e-02  -5.6636823e-01  -2.1997243e-01
   6.3511173e-01  -4.8732610e-01  -1.2657184e+00
   9.2871415e-02  -3.3752345e-01  -6.2120781e-01
  -3.2406373e-01  -8.3157576e-01   1.7098296e-01
   1.1136198e+00   1.3596681e+00  -5.3975107e-01
   1.4775203e+00   5.1468297e-01   1.4919011e+00
  -3.8730628e-01  -8.6977091e-01   1.5663470e-01
  -1.0300553e+00   2.3384065e-01   2.0197545e-01
   1.5942557e+00   2.6253723e-01   2.2983054e+00
  -1.1697910e+00  -1.7958677e+00   4.8126100e-01
   1.3531182e+00  -6.8631280e-01   9.7858341e-03
   9.5448453e-01   4.5594508e-01  -1.9120337e-01
  -3.9998423e-02   9.9537920e-02   2.5142422e+00
   1.7490202e+00  -5.0800731e-01  -4.2561416e-01
   1.4854330e-01   1.5726470e+00  -1.1289315e+00
  -1.2949756e+00  -5.4780228e-02   4.7267537e-01
   2.1882080e+00   7.3848089e-01  -8.5058804e-01
  -4.1122665e-01  -1.1764448e+00  -6.4752512e-01
  -1.3040401e+00   1.2794514e+00   1.2687747e+00
  -9.8198750e-01   1.2596204e-01  -1.4830029e+00
  -1.0605486e-01  -6.8924568e-01  -4.6101135e-01
   1.0854102e+00  -3.2010631e-02  -2.4347180e+00
  -1.3392355e+00   1.7640097e+00  -2.0548754e-01
  -1.2408126e+00   1.3849200e+00   1.0492768e-01
  -6.8010010e-01   1.7402016e+00   1.4168687e+00
   1.1466705e+00  -5.7022262e-01  -7.9379286e-01
   2.0316910e+00   4.7712559e-01  -1.0287161e+00
  -4.4144000e-01   9.6308440e-02   3.2398135e-01
  -6.2663900e-01   1.8357393e-01   1.9899058e+00
   1.4276134e+00  -1.3868143e+00   1.7484817e+00
   1.3432842e+00  -2.0045776e-02   7.2615016e-01
   1.4089763e+00  -2.9620047e-01   3.0049252e-01
   1.7618310e+00   1.2911975e+00   1.1601310e+00
  -9.2110231e-01  -2.1723554e-01  -6.8301733e-01
  -7.4840547e-01   1.3359194e+00  -1.0149051e+00
   5.6057755e-01  -2.1071956e-01  -1.7863622e+00
  -1.0909545e+00  -6.1778094e-01   1.4458374e+00
   1.9465691e+00   6.3219337e-01  -4.9323490e-01
  -1.3617795e+00  -1.3145717e+00  -1.9854311e+00
  -9.9889909e-01   1.3198375e+00  -2.1339511e+00
  -1.4935253e+00  -1.7118654e-01   5.3507083e-01
   3.0737382e+00   7.3159354e-01   3.7278639e-01
  -3.9736798e-01  -1.3570814e+00   1.0554735e+00
   9.7431337e-02   8.3863857e-02  -1.9616469e+00
  -1.6319003e+00   7.6918920e-01   2.7526183e-01
  -5.1868805e-01   2.0652499e+00   4.0495753e-01
   1.1126776e+00  -3.3205903e-01   9.1853029e-01
   3.8032357e-01  -9.7412868e-01  -2.7136152e-02
  -2.4208306e+00  -2.1833794e+00   4.3906917e-01
  -5.7141488e-01  -2.6141811e+00   1.5879533e+00
   2.9785142e-01   5.3237083e-01  -3.3830561e-01
   4.0136764e-01  -8.7750841e-01  -1.7839051e+00
   9.4114734e-01  -9.5771301e-01  -3.4573100e-01
  -1.7660152e-01   1.0422851e+00   7.3185460e-01
  -2.4419917e-01  -7.1108899e-02  -2.6281038e-01
   3.1977973e-01   2.3769252e+00   4.3672601e-01
   3.1225339e-01   3.1537894e-01   5.9025906e-01
   1.0868559e+00   8.5618732e-01  -5.7390778e-01
  -4.2205524e-01  -1.9237290e+00   1.2694004e+00
  -7.2082293e-01   9.8329600e-03   2.2531094e+00
   2.2095970e+00   5.0211625e-01  -7.4250464e-01
   1.6312099e+00   1.1823486e+00   8.1487952e-01
  -7.2085180e-01  -4.4036432e-01   1.6904885e+00
  -1.1996860e+00  -5.9154009e-01   2.6575579e-01
  -7.6065016e-01   1.0436712e+00  -1.7070619e+00
  -6.2432728e-01  -1.0831655e+00  -3.5801404e-01
  -6.6023984e-01  -5.3433095e-02   3.8146022e-01
   9.4683229e-01  -7.6063647e-01  -4.1749970e-01
   5.1662151e-01   3.5756244e-01  -1.0544102e+00
   9.4850314e-01  -2.9748202e-02  -9.4882265e-01
  -4.5924915e-01   9.6817234e-01  -7.4871713e-01
  -5.8179723e-01  -3.6005160e-01   9.5740749e-01
  -2.2502577e-01   1.9756902e+00   9.0956464e-01
  -8.2731521e-01   8.6792454e-01   8.0851133e-01
  -4.9066839e-01  -1.3061389e+00  -1.4774536e+00
  -6.0298468e-01  -6.7821553e-01   5.7698114e-01
   6.7526328e-01   1.8998813e+00  -8.8445602e-01
  -6.0227409e-01   4.3239816e-01  -2.7220676e-01
   1.0184178e+00  -5.9947201e-02  -2.1931943e-01
   1.2528449e+00  -1.4346566e+00   2.4823181e-01
  -1.6413216e+00   8.9870686e-01  -8.3487185e-01
   8.4613256e-01  -9.5395593e-02   1.2921733e+00
  -1.3250316e-01  -1.2904590e+00   1.3443917e+00
  -1.3054822e-01  -9.7578903e-01   7.1770565e-01
   2.0154018e-01   1.1437063e+00  -8.0105970e-01
  -3.7088145e-01  -1.3718175e+00   1.6469163e-01
  -1.2921148e-01  -5.8456045e-01   3.0094057e-01
  -6.8052746e-01   1.2470999e+00  -1.3581825e+00
   1.9513346e-01   4.2315063e-01   7.8407749e-01
  -1.1993710e+00   1.2026869e+00  -1.1626049e+00
  -2.8397196e-01   1.8312650e+00  -1.1060080e+00
  -1.5323371e+00  -7.6753400e-01   4.8637364e-01
  -8.3707082e-01   2.0807004e+00  -8.5606513e-01
   2.1351978e-02  -3.1720775e-01  -2.4928629e-01
   2.5269739e-01   1.6655420e+00  -4.2315019e-01
  -7.9370593e-01   8.3440559e-01  -1.6626709e-02
   4.8235595e-01   3.4888350e-01   6.4495770e-01
  -1.6113112e+00   1.9925252e-01   9.6745861e-01
   1.1059896e+00   2.5138229e-01   1.2257964e-01
  -5.3556485e-01  -8.8236595e-01  -1.2653395e+00
   5.5973876e-01   1.3630416e+00  -1.2655911e+00
  -4.4866630e-01   1.6172055e-01   6.9110318e-02
  -1.2665073e+00  -5.1209723e-01  -1.7382120e-01
  -4.5584016e-01  -4.1824454e-02  -9.2688532e-01
  -2.0591568e-01  -3.8869275e-01  -9.2337991e-01
  -4.9554715e-01   2.8679794e-01  -3.9726405e-01
   1.3194262e+00   3.7645027e-01  -6.0244563e-01
  -1.3832820e-01   4.1182794e-01   1.3639495e+00
  -6.5363432e-01  -2.6628876e-01   6.2285904e-02
  -4.8528247e-01  -3.9942086e-01   1.0774271e+00
   9.1021536e-02  -2.4686388e-01  -6.1330475e-01
  -9.4969605e-01  -5.5395934e-02   1.1438911e+00
  -4.5053466e-02  -1.2694819e-01  -1.6313206e-01
  -6.9808618e-01  -2.4772303e-01  -8.4528879e-01
  -8.2850095e-01  -3.6796801e-01   2.0312178e+00
  -1.6348448e-01  -1.4250319e-01  -7.6486251e-02
  -1.7482362e+00   1.8995975e+00   5.8168843e-01
   2.8363529e-01   1.3496355e+00  -1.0088607e+00
   8.1615276e-01  -9.9295744e-02  -8.5286494e-01
  -1.3413294e-01   5.5758232e-01   4.0589681e-01
   5.1863234e-01  -4.7154532e-01   9.1242909e-01
   8.3829689e-01   3.2586703e-02  -2.4175849e+00
   4.6084978e-02   3.2187547e-01  -1.3608219e+00
  -1.8961020e+00   9.5534371e-01   1.0204827e-01
   1.2333176e+00  -2.9463859e+00   2.1145235e+00
  -1.0253120e+00   3.0771329e-01  -3.6303425e-01
   9.1440430e-02   5.2349760e-02  -1.1955227e+00
  -4.8150698e-01  -8.8166923e-01   1.1073384e+00
   1.1912905e+00  -9.2251727e-01  -1.2984658e-01
  -1.6062960e+00  -2.8766283e-01  -1.7255705e+00
  -2.2664532e-01  -4.5336324e-01   1.8279702e-01
   1.8067689e+00  -7.1199810e-01   8.5443934e-01
   1.9616352e+00  -3.6114016e-02   1.9662421e+00
   7.1954344e-01   1.3750519e-01   3.4217391e-01
  -3.8864006e-01   7.7482709e-01   1.1005383e+00
  -1.3701805e+00  -1.0910911e-01  -1.3438531e+00
  -1.1463406e+00  -2.9543103e-01   8.2246889e-01
  -1.5178777e+00  -8.3710737e-01   1.1698662e+00
   1.8922426e+00  -5.3903702e-01   5.2431866e-01
  -1.1203981e+00  -3.3060783e-01  -1.1959067e+00
   2.6248091e-01  -1.0324678e+00  -1.4544567e+00
  -1.4367972e-01  -4.3422796e-01   1.8814789e-01
   6.2736658e-01  -1.8381423e+00  -5.7545599e-02
  -6.2528731e-01  -1.0337384e+00   9.2255249e-02
  -3.9737861e-01  -5.8185380e-01   2.2551894e-01
  -1.0443384e+00   3.1584251e-01  -7.9673146e-01
   1.3033442e+00   7.8506780e-02  -6.6369244e-02
  -6.7098350e-01  -1.2548953e+00  -5.9276750e-01
   7.1963991e-01  -9.3568014e-01  -5.7579922e-01
   4.7172647e-01  -9.2539618e-01  -4.1346013e-01
   6.2670753e-01  -1.1110747e+00   1.0660175e+00
   2.6854445e-03   8.1040134e-01  -9.6259474e-01
  -7.4902382e-01   2.5992515e-01  -1.1997255e+00
  -1.0659939e+00   5.4294292e-01   3.7171385e-01
   7.8793055e-02   6.6505289e-01   9.7785410e-01
   3.4228810e-01   4.4590378e-01  -9.6450115e-01
   7.4250978e-01   9.8386491e-01   2.0303659e-01
   2.3546300e+00   1.6372511e+00  -9.5373549e-01
   1.4148293e+00   8.6118342e-01  -1.3397377e-01
  -1.2474928e+00  -8.1059492e-01  -5.9461946e-01
   3.0846294e-01   5.4903023e-02  -9.8375895e-01
  -1.8556001e+00  -9.8663989e-01  -7.3528689e-01
   2.3794358e-01  -6.5036782e-01   1.8395486e-01
  -3.7302276e-02   3.0052547e-01   1.8883496e+00
   1.5870623e-01   8.0805865e-01   1.9424792e+00
  -2.9489005e-01  -7.7185581e-01   2.4189396e+00
   1.5766934e+00   9.7009806e-01  -5.3883785e-01
   2.4073472e-01  -2.7495249e-01   3.0598155e-01
   1.5037125e+00   5.2822370e-01   4.1943056e-01
   1.7964354e+00  -2.6969356e-01   8.8744470e-02
  -6.2410646e-01   1.5642742e-01   6.0945792e-01
   5.5427206e-01   3.3490240e-01  -9.5621077e-01
  -1.3823519e+00   1.1268306e+00  -2.9150921e+00
  -1.2981020e+00   2.2897474e-01  -3.9143460e-01
  -2.2635327e+00   4.9648633e-01  -2.3570650e+00
   4.7753040e-01  -6.5808017e-01   1.5701961e+00
  -1.5590935e+00   3.6514592e-01   6.6724212e-02
  -4.2217652e-01   5.1580523e-02   5.0415901e-01
   4.3201928e-02  -1.4914795e+00   3.7575586e-01
  -2.5462235e+00   8.9542750e-01   1.7335907e+00
  -6.8128343e-01  -1.8051017e-01   8.1755711e-01
   3.1704532e-02  -5.1766912e-01   1.3699743e+00
   3.8374029e-01  -3.8225367e-02  -1.2150045e+00
  -1.8195952e+00   7.4433632e-01   1.0076605e-01
  -1.9058871e-01  -1.1342153e+00  -4.7824884e-01
   5.3428130e-01   1.7497904e+00   2.4709723e-01
  -7.4173830e-01   1.2175110e-01  -2.4919446e-01
   1.0411702e+00   1.6045836e+00  -5.3598899e-01
   9.6767003e-01   3.3842343e-01   7.8487754e-01
  -1.8582991e-01   1.2853372e-01   1.4155720e+00
  -8.7528644e-01  -6.9498214e-01   8.4342645e-01
   2.7576657e-01   1.9514275e-02   1.0039410e+00
  -1.4354390e+00   1.1051090e+00  -7.5133584e-01
  -1.4408559e-01  -7.9627768e-01   1.3170056e+00
  -8.9999070e-01  -1.8422080e+00  -1.9621185e-01
   5.4485795e-01  -2.7113219e-01   9.5549243e-01
  -9.1707622e-01   7.6140966e-01   2.1520963e-01
   1.6904576e-01  -1.7790392e+00  -6.8540917e-01
  -5.9453154e-01  -9.3091984e-01  -8.4206972e-01
  -1.3953785e+00  -9.2082325e-02   2.4598134e+00
   1.6034516e+00  -1.4740427e+00  -8.7804522e-01
  -3.6653397e-03   3.7783765e-01  -1.3938713e+00
   2.1326107e-01  -6.6913194e-01   3.4544530e-01
  -3.3518315e-01  -1.3879191e+00  -1.9890001e+00
  -4.7033065e-01   7.7036509e-01  -1.1826028e-01
  -1.1237734e+00  -3.9280042e-01  -3.5606875e-02
   5.9301277e-01   5.6533619e-01   1.2132604e+00
  -2.0218360e-01  -1.3155777e-01  -4.6531024e-01
   1.2868327e+00  -6.0270779e-01  -1.2960377e-01
  -3.4203892e-01  -8.2481818e-01   4.3198713e-01
  -2.5585501e-01   1.3486807e+00   2.8478853e-03
   5.0529496e-01  -2.0002447e-01  -1.1154340e+00
   1.4892807e+00  -9.6631239e-01   1.5901472e-01
   7.7605177e-01  -9.9759068e-01   1.9005124e+00
  -4.6202870e-01   6.7499443e-02   1.4715754e+00
  -3.8637446e-02  -1.1345816e-02  -6.7100508e-01
  -6.8124447e-01   5.8715493e-01   1.3442154e+00
  -1.3153445e-02  -2.5210453e-01  -4.8603830e-01
   1.9232772e+00  -1.8143649e+00   7.2100008e-01
   6.0458853e-01  -8.5319597e-01   8.9060240e-01
   9.2458975e-01   8.6857281e-02  -1.7788251e+00
  -1.0273722e+00   1.5362644e+00   1.0684119e+00
  -9.9344052e-02  -2.0659932e-01   6.5712543e-01
   2.2299417e-02  -2.6269600e-01  -8.4033846e-01
  -3.7631532e-01   1.4130655e-01   6.1158795e-02
  -3.8945062e-01   2.5177322e-01  -9.5229892e-02
  -7.9305442e-01   1.3122889e+00   1.6105680e-01
   1.1542816e-01   1.8171187e-02  -1.2046780e+00
  -2.9975365e-01   3.9535570e-01  -9.2889406e-01
   9.2070320e-01  -8.5795276e-01   5.8082244e-01
  -1.1250525e+00   1.3853964e+00   8.5620176e-02
   2.2751889e+00   2.3908219e-01   4.1178005e-01
   1.1719084e+00  -7.4394343e-01  -2.8673326e-01
  -5.5860601e-01  -7.3342862e-01  -4.9064008e-02
   1.2775376e+00   1.2748588e+00   2.3501588e-01
   3.3908362e-01   6.0185767e-01  -4.1263705e-01
  -5.1955499e-01   7.2023649e-02   3.8165722e-01
  -8.3745625e-01   1.1867947e+00  -4.4544149e-01
   1.9475346e-01   3.7669770e-01   1.7279891e-01
   6.2643786e-01   8.5201330e-01   2.1997690e-01
  -2.1159114e+00   1.2686600e+00   1.9326169e+00
   3.8092043e-01   1.0607073e+00   1.2275612e+00
   5.4331957e-01  -1.1817568e+00  -1.9692971e-01
   3.8798196e-02   1.3936664e+00   3.4358320e-01
  -3.1052195e-01   2.8170335e-01   2.2945905e+00
  -7.1883774e-02   1.5369847e+00   4.4034983e-01
   2.4568862e-01   1.7403226e-01  -2.3410397e-02
   1.0483820e+00   8.0292979e-01   6.4996983e-01
   2.5023879e-03  -7.9846014e-01   5.4176780e-01
   1.7985502e+00  -1.7712729e-01   1.1486573e-01
   4.7607340e-01  -1.2395964e+00  -8.7714159e-01
  -4.0094439e-01  -2.7981244e-01   5.1434756e-01
   5.6899792e-01   1.1203406e+00   1.6165487e-01
  -3.5186087e-01   1.9311127e+00  -2.4691757e+00
  -7.4415688e-01   6.0703127e-01   4.3024859e-01
  -2.4769123e-01  -8.3555565e-01  -9.8631519e-01
   2.6622090e-01   1.4882538e-02   8.0575731e-01
  -1.1926073e+00   2.5103153e-02  -5.6526924e-01
   1.8201637e+00   3.7394882e-01   8.1247526e-01
  -9.7967088e-01   1.6706099e-02  -3.3756016e-01
   1.3978497e+00   4.5721814e-01   9.7507693e-01
  -1.0070065e+00   1.1891066e+00  -1.0945290e+00
  -5.6842210e-01   6.7058088e-01   6.9267763e-01
  -6.9554112e-01  -1.0369281e+00   3.2685408e+00
  -4.3343924e-01  -6.9948066e-01  -1.1388997e+00
  -4.7211548e-01  -1.4435968e-01  -1.9531657e-01
  -2.0592462e+00  -5.1646066e-01   9.0906208e-02
  -2.3536985e-01   1.7146154e+00   5.6017497e-01
   7.5168511e-02  -7.0030063e-01  -1.5457808e+00
   1.0092351e+00  -9.4460886e-02   6.9051484e-01
  -9.6068059e-01   2.0460087e-01  -2.3489360e+00
  -1.1077051e+00   7.0171837e-01  -1.3708202e-01
  -5.2943309e-01  -6.4886180e-01  -3.9702734e-01
  -9.5868467e-01  -1.9492622e-01   8.1470894e-01
  -9.0336303e-01   1.5382400e+00   8.7340649e-01
   1.6750565e+00  -1.0868277e+00  -2.5676332e-02
   7.8706348e-01   1.6021124e+00  -6.6938316e-01
  -2.2106139e+00   8.4045489e-01   7.4947477e-01
   1.3710407e+00   2.0684245e-02   1.0660940e+00
  -1.1642309e+00  -7.3710407e-01  -2.1579797e+00
  -1.0974507e+00  -1.1231538e+00   2.0077505e+00
   7.9653261e-01  -1.5875401e+00  -7.1305624e-01
  -2.3213352e-01  -7.1301166e-01  -2.5068359e-01
  -2.2105837e+00  -1.1506703e+00  -4.9079762e-01
   4.1748439e-01  -1.7203962e-01   1.1822370e+00
  -1.2966073e+00  -7.2424064e-01  -4.9832695e-01
   1.7897811e+00  -6.1544868e-01  -1.9200583e+00
  -5.8779217e-01   2.2386977e+00  -1.9518941e+00
  -9.0639991e-01  -5.1017938e-01  -1.3597741e+00
   6.7370154e-02  -1.0421878e+00  -5.1165480e-01
   3.6380858e-01   1.9916333e-01  -6.7737013e-01
   5.0436911e-01   2.9777375e-01  -9.3940444e-01
  -1.1478539e+00  -2.0283829e+00   2.0968345e-01
   1.3954336e-01   1.9977067e-01   9.0482401e-01
  -1.7196531e+00   3.7714579e-01  -1.3247991e+00
   1.0329068e+00  -5.6302194e-01  -4.6862333e-01
  -2.3959270e-01   2.9587926e-01  -1.0074860e+00
  -1.1068890e+00   1.7519260e-01  -5.0292919e-01
  -1.8600548e-01  -1.6435666e+00  -1.2169067e+00
  -6.9571578e-01  -1.0935335e+00  -5.0741954e-01
   7.3458392e-01   8.9624799e-01   7.3108341e-02
  -1.2329419e+00  -6.2621168e-01   8.2593451e-01
  -1.3163716e+00  -5.5218584e-01   3.6180293e-01
  -1.7177511e+00  -6.0848476e-01   4.9471739e-01
  -2.1388823e-01   1.1493383e+00  -1.1137417e-01
   3.5719578e-01   1.8036269e-01  -1.4568279e+00
   6.7643106e-01  -1.2716316e+00   6.7948665e-01
  -7.6437389e-01  -1.9078595e+00   1.2433999e+00
  -1.8727774e-01  -4.2704313e-01   1.0600214e+00
   8.6686467e-01   1.7751919e+00  -2.9927630e-01
   1.4691781e+00   2.2502157e+00  -4.7060767e-01
   7.8653450e-01   2.9612017e-01  -1.0489255e+00
   1.8026653e+00  -9.6586525e-01  -5.2572936e-01
   4.9589277e-01   1.2944206e+00   3.9383012e-02
  -1.9240510e+00   5.2557980e-01   1.4750849e-02
  -4.6337962e-01  -9.8469357e-01  -1.6494818e+00
  -8.1765412e-01  -2.6063590e-02  -3.3716273e-01
  -1.2801982e+00  -1.8815761e+00   2.9402270e-01
   3.5321449e-01  -7.2795937e-01  -1.5601489e-01
  -5.3929209e-01  -7.2908666e-01  -1.9813555e-01
   9.8780238e-01   5.6067905e-01  -2.9999515e-01
   3.0559469e-01  -2.5077119e+00   4.0562345e-01
  -9.6397161e-02   6.3447073e-01   1.0127101e+00
   1.2559717e-01   3.3883571e-01  -1.1005385e-01
   1.7997989e+00  -2.1683571e+00   4.9564798e-01
   1.2014978e-01   1.0141605e+00   5.0304119e-01
  -1.2039986e+00  -9.9888241e-01   1.6481557e-01
   1.4611696e+00  -2.6012290e+00   6.3875165e-01
   1.8105157e-02  -1.3270719e+00   3.5901251e-01
   8.7745636e-01  -3.0173815e-01   9.5325521e-02
  -1.4109918e+00  -7.4250331e-02  -4.4514821e-02
  -6.7495911e-01   1.2657681e+00  -6.2382279e-02
   8.3032946e-01   1.9977867e-01  -1.9987409e+00
   1.3082290e-01   1.2704649e-01  -5.6901237e-02
   1.6161044e+00   7.4316117e-01   1.0804131e+00
  -7.8138282e-01   1.5631415e+00   4.2536518e-01
  -3.0405735e-01   1.1816530e+00  -3.4007173e-01
   4.8773783e-01   9.2389135e-01   7.6036902e-01
  -1.0960619e+00   8.4687985e-01   1.3428170e+00
   8.8716322e-01  -3.9564667e-01  -3.9565123e-02
  -4.3076428e-01  -1.2332261e+00   1.3508535e+00
   1.6262612e-01  -1.2790331e+00   1.3369122e-01
  -4.2456052e-01   7.4322995e-01   5.5851299e-01
   1.8016433e+00   3.6646158e-01   8.4583522e-01
  -4.8407557e-01  -1.7982239e-01  -1.7869311e+00
  -8.3470041e-02  -9.0764010e-01   9.6418867e-01
  -1.1722787e+00   1.1655131e-01  -9.2256606e-01
  -7.3892201e-01  -1.0306007e-01  -1.5368345e+00
   1.3267067e+00  -9.4411685e-01   8.6704311e-01
   2.5508844e-01  -1.1225607e+00  -6.3305647e-01
  -4.3181818e-01   6.5362084e-01  -7.2784586e-01
   1.9875660e+00   3.4088193e-01  -4.8584162e-01
  -4.2042716e-01  -5.2680781e-01  -4.0217150e-01
   1.1105276e+00   5.6953300e-02  -1.1370187e+00
   8.8906964e-01   3.8714221e-01  -1.6533156e+00
  -1.4571223e+00  -2.4237197e-02   1.4262668e+00
  -2.3772938e+00  -4.3505500e-01  -1.3922497e+00
   4.6108396e-01  -3.8185547e-01   2.0763462e-01
   4.0332046e-01  -6.9269496e-01  -1.8465291e-01
  -2.3930760e-01  -1.4417062e-01  -1.1828855e+00
  -5.9161602e-01   1.1677949e+00   6.1730030e-01
   4.5600690e-01  -5.8824394e-01   1.8019231e+00
  -1.0845750e+00  -6.5688513e-01  -1.5351361e+00
