   1.0095393e+01   5.5692253e+00  -6.6892146e+00
   9.0414736e-01   8.4675317e+00  -4.8646292e+00
  -3.2649674e+00   2.1386631e+00  -1.0157804e+01
   8.2070734e+00   5.5702391e+00  -8.4106559e+00
  -9.3721255e+00   9.6836787e+00   9.0596184e-02
   5.8422396e+00   5.3743272e+00   3.5821398e+00
   6.3057044e+00   1.0412439e+01   1.9579613e+00
   9.1620123e+00   7.0708820e+00  -7.4975073e+00
   6.2929060e+00   5.6032014e-01   4.2371967e-02
   4.0566031e+00   2.6702647e+00  -3.7118543e+00
   1.9296281e+00   6.6614937e+00  -1.1061097e+01
   5.8114762e+00   5.6695502e+00   1.2397061e+01
   1.8813088e-01   8.3319048e+00  -4.7807630e+00
  -9.4528039e+00   2.5549765e+00  -1.1500076e+00
   1.2079239e+01   8.5624744e+00  -2.3565186e+00
  -5.1522377e+00   8.5094068e+00  -9.1637026e+00
   5.6563105e+00   4.8039944e+00  -1.0064232e+01
   2.7803391e+00   7.7940038e+00   6.8929543e+00
   9.4241308e+00   1.0445693e+01   9.4336422e+00
   5.0021133e+00   8.7568469e+00  -1.0268356e+01
  -9.0232293e+00   1.1684136e+00  -3.9098757e+00
   5.8348124e+00   9.0314397e+00  -1.3845341e+00
  -2.9939652e+00   7.0202659e+00   7.6510731e+00
   7.5320507e-01   8.0207829e-01  -1.0995998e+01
  -7.5966917e+00   4.2489840e+00   4.6317108e+00
  -7.2022242e+00   1.0889058e+01   5.1829047e+00
  -4.7533991e+00   9.3836871e+00  -9.3716016e+00
  -9.4630483e+00   3.1337481e-01  -1.2046491e+00
  -1.6462432e+00   2.5480453e+00  -1.0671288e+01
  -6.0556569e+00   7.0252190e+00  -8.4605366e+00
   1.1898881e+01   3.6877339e-01  -3.1904204e+00
  -9.4507701e+00   4.8999155e+00  -2.0139540e+00
   1.0020194e+01   6.8443814e+00   8.7342678e+00
   9.9708717e-01   6.6100182e+00   7.6897794e+00
   4.2281632e+00   9.7590623e+00  -3.6264797e+00
   2.3122064e+00   5.7324381e+00   7.1870170e+00
   5.1614631e+00   4.9503422e+00  -2.8520896e+00
   1.2554905e+01   3.4302013e+00  -5.4633565e-01
   2.2221390e+00   4.9818212e+00  -4.6039381e+00
  -3.9612334e+00   2.1840262e+00  -9.8476425e+00
  -8.9138084e+00   1.5267503e+00  -4.2811975e+00
   1.2320196e+01   2.4369330e-02  -1.5788448e+00
   6.2920094e+00   3.1877547e+00   2.1168050e+00
   1.2420388e+01   9.0077308e+00   2.7829523e+00
  -1.3490562e+00   3.6744155e-01   7.9592803e+00
   8.7133663e+00   7.7665648e+00  -7.9784801e+00
   2.6297337e+00   1.0238970e+01   7.0761202e+00
   1.1551703e+01   9.2095831e+00   6.0158824e+00
   4.6644522e-01   7.5976654e+00   7.7781060e+00
   6.1888799e+00   5.4967852e+00  -5.9762774e-02
  -4.3737742e+00   6.2430511e+00   7.1383133e+00
   4.4285488e+00   5.6378462e+00  -3.5585551e+00
   1.2307121e+01   3.1947624e+00  -1.4522310e+00
   6.0351669e+00   5.4099618e+00  -9.2933765e-01
  -3.8703439e+00   3.3119566e+00   7.3183197e+00
   6.8553045e+00   1.0163665e+01   1.1785323e+01
   1.5530503e+00   4.0465893e+00   1.3893445e+01
  -8.2670396e+00   3.2164716e+00   3.5486853e+00
   1.2451678e+01   6.2284858e+00  -8.3747366e-01
   4.9500312e+00   4.9056565e+00   5.1514406e+00
  -6.2626753e+00   6.4093647e+00  -8.2006153e+00
   1.0584017e+01   4.6993235e+00   8.0572427e+00
  -9.2351965e+00   7.1016973e+00  -3.1300661e+00
  -6.7333445e+00   5.0137576e-01  -7.7659571e+00
   1.8065937e+00   9.4153853e+00  -4.6619205e+00
  -1.8407822e+00   6.7714922e+00   7.8551561e+00
   3.6714842e+00   5.7396164e+00  -3.9531807e+00
   1.9984816e+00   2.8642213e+00   7.2780212e+00
   2.3509905e-01   5.9029929e+00   7.8266339e+00
   1.0203491e+01   3.6636865e+00  -6.3745174e+00
   1.8602651e+00   3.3769468e+00  -4.7322296e+00
  -7.0129987e+00   1.0755043e+00   5.4219607e+00
   1.3777717e+00   4.2037006e+00   7.5763714e+00
  -3.0512186e+00   6.3919426e+00  -1.0277798e+01
  -1.0248555e+00   1.0709074e+01   7.9404702e+00
   2.0018735e+00   4.8444558e+00  -4.6708288e+00
   1.1808175e+01   7.5068621e+00   5.5586173e+00
   9.3713174e+00   5.7013424e+00  -7.2944486e+00
   1.1814041e+01   1.9326298e+00   5.2879957e+00
  -6.2159764e+00   1.2702566e+00   5.9979859e+00
  -5.6109442e+00   1.4013159e+00  -8.8231329e+00
  -9.5248997e+00   1.0040918e+00  -1.2482510e+00
  -6.2609725e+00   2.0287898e+00  -8.2309448e+00
   4.5332250e+00   7.1518325e+00   5.6788077e+00
   2.3362881e+00   3.5356581e+00   7.2210056e+00
   1.0794382e+00   7.2708751e-01  -4.8395332e+00
   2.0650064e+00   7.8262234e+00   7.2554374e+00
   5.2128984e+00   8.2361703e+00   4.5318564e+00
  -8.5229571e+00   9.6627796e+00  -5.0853443e+00
  -8.2589503e+00   8.4945683e+00  -5.8257336e+00
  -8.8754865e+00   9.3755545e+00   2.2094631e+00
   2.8327210e+00   8.7593861e+00   6.9243833e+00
   3.0331393e+00   7.5953853e+00  -4.3116250e+00
   2.7361672e+00   5.8365164e+00   1.3679630e+01
  -4.5018620e-01   7.7409056e+00   7.9865045e+00
  -9.4279337e+00   8.0260425e+00   4.3624917e-01
   2.9373205e+00   8.5896714e+00   1.3748343e+01
  -7.5222832e+00   8.2832397e+00   4.6792362e+00
   1.0775732e+00   6.5823069e+00   7.5843746e+00
  -9.4008203e+00   2.5008627e+00  -1.8202879e+00
  -7.5258603e+00   7.3282449e+00  -6.7342525e+00
   1.2643982e+01   4.7552862e+00   2.5223397e+00
   3.2384109e+00   9.5500066e+00  -4.2900477e+00
  -8.6136627e+00   8.7708722e+00   3.0335728e+00
   1.0600804e+01   4.3965189e+00  -5.6475120e+00
   5.4509140e+00   7.5498284e+00  -1.0149519e+01
  -7.0380391e+00   6.4570200e+00  -7.3842702e+00
   1.7417038e+00   2.3710407e+00  -4.7569139e+00
  -1.2910886e+00   9.1460397e+00   7.9742644e+00
  -8.2969492e+00   8.5241199e+00  -5.6606944e+00
   2.3914918e+00   9.5502045e+00   7.2114744e+00
  -9.3907195e+00   2.1881392e+00  -1.1394002e+00
   7.1597268e-01   2.6078873e+00  -1.0986450e+01
   6.2780253e+00   4.3216326e+00  -4.0190192e-01
   2.3142807e+00   1.0271606e+01  -4.6739393e+00
  -2.7446871e-01   1.0802096e+01   7.9589614e+00
   4.8705168e+00   6.3349324e+00  -3.0282212e+00
   6.3480194e+00   1.0212815e+01   6.9436425e-01
   1.1429392e+01   3.4568232e+00   6.1094520e+00
  -2.5143800e+00   1.0684648e+01   7.8405407e+00
   5.9060724e+00   3.9603723e+00   3.2337469e+00
   8.5479439e+00   4.0357288e+00  -8.1762043e+00
   4.7684758e+00   6.6306445e+00  -3.0197092e+00
   7.8830462e+00   1.8774071e+00  -8.7081447e+00
  -8.7749818e+00   9.4115764e+00   2.5881450e+00
  -6.2147533e+00   1.0147083e+01  -8.2253804e+00
   5.9294301e+00   6.7435851e+00  -1.0441437e+00
   6.4074989e+00   1.3696249e+00   9.8166999e-01
  -2.1341354e+00   4.8635754e+00  -1.0561498e+01
   2.3828683e+00   2.1636029e+00  -4.5700409e+00
   5.0775163e+00   1.5850806e+00   4.9738666e+00
  -9.0973600e+00   7.4026406e+00  -3.8956313e+00
   5.7713459e+00   2.7230251e+00   3.6572573e+00
  -3.6761353e+00   4.0959048e+00   7.4115822e+00
   9.0166096e+00   3.7410283e+00   9.8667805e+00
   8.6424335e+00   9.1915289e+00   1.0324019e+01
  -8.0835678e+00   9.2729327e+00  -5.9209027e+00
  -9.2523378e+00   1.0102534e+00  -3.0385043e+00
   6.9507408e-01   3.0295011e+00  -4.8684418e+00
   2.9104435e+00   5.4359504e+00   1.3688438e+01
  -7.8645050e+00   8.7444836e+00  -6.4505231e+00
   1.1312446e+01   1.3642260e-01  -4.6847440e+00
  -8.4144177e+00   5.8944184e+00  -5.4562843e+00
   1.1942731e+01   5.0046166e-01   5.2061125e+00
  -7.1639253e+00   6.0208136e+00  -7.2883409e+00
   4.4428614e+00   1.0331923e+01  -1.0557236e+01
   6.0332183e+00   1.4605157e+00  -1.0690708e+00
  -6.8533296e+00   1.3495757e+00   5.4549681e+00
   2.8724941e+00   5.4240169e+00  -1.0944334e+01
   4.7899006e+00   2.9187244e+00  -3.1156511e+00
  -7.4365047e+00   1.3860190e-01   4.8187385e+00
   6.1598058e+00   1.4060326e+00  -2.0664488e-02
  -9.4631669e+00   8.6371447e+00  -6.8564783e-01
   1.2208321e+01   1.0315020e+01  -1.7195395e+00
   4.2326761e+00   1.0752762e+01  -3.6980718e+00
   1.1718974e+01   5.3346548e+00  -3.7267744e+00
  -8.1678535e+00   1.8844272e+00  -5.8378987e+00
  -6.7684660e+00   7.4935280e+00  -7.6493870e+00
   6.2436158e+00   1.0443280e+01   1.9166095e+00
  -7.2180762e+00   4.8963204e+00   4.9470473e+00
   2.5217276e+00   2.5269471e+00   7.0932198e+00
   1.8053509e+00   7.9241890e+00  -4.8751506e+00
   1.4371482e+00   1.6303703e+00  -4.8218241e+00
  -8.0933868e+00   1.0721225e+00   3.9465831e+00
   7.9171139e+00   6.9233406e+00  -8.6716652e+00
  -8.4387573e+00   9.9244950e-01  -5.1604426e+00
  -3.9145982e+00   1.4395676e+00   7.3370972e+00
   6.3521170e+00   1.0476624e+01   1.2058911e-01
   1.2642532e+01   7.0422543e+00   5.6766253e-01
  -6.2041337e+00   1.1044276e+01  -8.3410197e+00
   1.0725556e+01   8.5204029e+00  -5.5491888e+00
   1.2563767e+01   1.7340337e-01   1.8742918e+00
  -5.7943645e+00   2.2806596e+00  -8.5563873e+00
   1.0676357e+01   1.2936672e+00  -5.6603394e+00
  -4.6738597e+00   6.3086189e+00  -9.3821598e+00
   9.4990254e-01   1.0025910e+01  -4.8282691e+00
   8.2860584e+00   8.8126597e+00  -8.4577166e+00
   6.3372199e+00   8.6395581e+00   5.6525636e-01
  -8.4105528e+00   7.5354228e+00   3.4329128e+00
  -9.4308322e+00   2.4219020e+00  -1.2298309e+00
  -9.2430661e+00   1.0432310e+01   1.3360693e+00
   1.2720148e+01   6.3839156e-01   1.4047294e+00
   6.3403004e+00   2.7547366e+00   5.0209010e-01
   7.3564239e-01   5.4301481e+00  -4.7843810e+00
   1.2573073e+01   9.2247334e+00   1.8766710e+00
   7.7179931e+00   9.1859496e+00  -8.8320187e+00
  -8.2919713e+00   1.3537442e+00   3.6061801e+00
  -6.1084712e+00   8.3664495e+00   6.0515603e+00
   5.2141097e+00   3.2387942e+00  -2.6050232e+00
  -4.3171536e-01   8.4134332e+00   7.8925957e+00
   4.4511307e+00   9.1609265e+00  -3.6070927e+00
   5.1161589e+00   4.1622234e+00  -1.0289153e+01
   3.7125787e+00   7.7355929e+00  -4.0402149e+00
   6.2072678e+00   1.0060205e+01   2.3473280e+00
  -7.7679595e+00   5.1999442e+00  -6.4242451e+00
   2.7916249e+00   8.1221136e+00   7.0342947e+00
  -1.1109894e+00   2.7222172e-02  -1.0942417e+01
   1.1832939e+01   4.7217116e-01  -3.4085021e+00
  -1.3972770e+00   5.7369891e+00   7.8550934e+00
   4.3079405e+00   3.1749377e+00  -3.6050582e+00
   1.2144516e+01   2.0617150e+00  -2.4022641e+00
   1.0890367e+01   1.5491044e+00  -5.4225641e+00
  -4.5146523e+00   2.8669002e+00   7.0451763e+00
   1.2273919e+01   3.2376873e+00   3.6545999e+00
  -3.9040094e+00   7.9864568e+00   7.3357658e+00
   4.5631775e+00   1.4302444e+00   5.3303618e+00
   1.2499624e+01   6.8674161e+00  -4.9707353e-01
   7.0247551e+00   2.1228473e+00  -9.1948771e+00
  -9.4724211e+00   6.8902100e+00  -6.6622173e-01
  -2.2628111e+00   6.5588149e-01  -1.0567928e+01
   5.9544084e+00   4.5917218e+00   2.8465687e+00
   1.0884157e+01   8.2830446e+00   7.2860710e+00
   4.2998982e+00   2.6385531e+00   1.3093308e+01
   1.1780077e+00   1.0060106e+01   7.5848389e+00
   1.2292283e+01   2.5011766e+00   3.8725692e+00
   1.6097935e+00   1.0522068e+01   7.5141123e+00
   1.2290887e+00   3.5599486e+00  -4.9214476e+00
   2.2787086e+00   6.8169054e+00  -4.5872389e+00
   6.3816855e+00   1.6025402e+00   1.0277026e+00
   3.2073679e+00   8.5436232e+00  -4.2314481e+00
   4.6629801e+00   1.9855508e+00   5.4550825e+00
   9.7206839e+00   3.5155584e-01   9.1502075e+00
  -8.3395505e+00   3.9716337e+00   3.4744609e+00
   5.5813059e+00   3.1906675e+00  -2.0162611e+00
   1.1995132e+01   1.0065764e+01  -2.7847149e+00
  -5.2647678e+00   2.5007637e+00   6.7444801e+00
   1.0879818e+00   6.9127177e+00  -4.7441505e+00
   1.2435302e+01   6.5248328e-01   2.7661744e+00
   3.7486672e+00   9.8806045e+00   6.1029553e+00
   4.3393197e+00   6.8917316e+00  -1.0575647e+01
  -1.6665726e+00   5.0197820e+00   7.9419647e+00
   1.1394231e+01   9.7460877e-01  -4.3764827e+00
   1.2599355e+01   1.0809487e+01   1.4812091e+00
  -9.0690276e+00   8.3233560e+00  -3.3457871e+00
  -8.5323047e+00   1.0192212e+01  -5.2955244e+00
   5.3108212e+00   6.3909595e+00  -2.2836691e+00
  -3.3488935e+00   4.8972422e+00   7.4527852e+00
  -6.9270100e+00   1.3082077e+00   5.3659778e+00
  -9.4810013e+00  -6.0091710e-03  -1.0244121e+00
   1.1119722e+01   4.6833188e+00   6.8204028e+00
   2.3145590e+00   4.8497012e+00   7.2053563e+00
  -4.7480928e+00   2.4345754e+00   6.8835646e+00
   1.1264986e+01   3.4308972e+00  -4.5585819e+00
  -5.8357318e+00   2.7921108e+00   6.3261987e+00
   6.3782551e+00   2.8441972e+00   1.0952974e+00
   1.2611660e+01   1.0030518e+01   8.4485855e-01
  -7.9746815e+00   8.3850355e+00  -6.1334897e+00
   2.8513473e+00   3.9031640e+00  -4.3912506e+00
   1.4562494e+00   5.2457626e+00   1.3923513e+01
   5.7880137e+00   9.9742976e+00   3.8863949e+00
  -4.9245887e+00   8.4578714e+00  -9.2405258e+00
  -2.6547040e+00   2.0458129e+00   7.7208808e+00
   1.1731344e+01   3.6521105e+00  -3.5270831e+00
  -3.7992122e+00   7.6397864e-01  -9.9296886e+00
   1.2399055e+01   3.3959615e+00  -1.4365804e+00
   2.9708813e+00   1.0215919e+01   6.7991147e+00
   3.8632840e+00   6.9869937e-02   6.2676118e+00
  -6.0574783e+00   9.7727205e+00  -8.4761045e+00
   7.5052754e+00   7.8881742e+00   1.1362205e+01
   4.3706986e+00   1.5259100e-01  -1.0551697e+01
   4.4461256e+00   5.6013973e+00   5.7198402e+00
   5.3137793e+00   3.9654854e+00  -2.4515399e+00
  -8.2893274e+00   6.4601635e+00   3.4917882e+00
   3.2142059e+00   9.1117819e+00   1.3520388e+01
   1.4963595e+00   9.5276536e+00  -1.0996746e+01
   6.2300853e+00   9.6503710e+00   1.5479428e+00
   2.1255314e+00   1.0168941e+01  -4.6428453e+00
   5.9744407e+00   1.0003905e+01   1.2381444e+01
   1.2453515e+01   7.9229889e+00   3.0780782e+00
   1.2596706e+01   4.5416956e+00  -6.4789926e-01
   4.6336854e+00   7.1415748e+00   1.2999748e+01
  -6.1569260e+00   4.1951291e+00  -8.2937449e+00
   8.0907149e+00   2.4174949e+00   1.0760503e+01
   6.0496795e+00   4.6483369e+00  -1.2201517e+00
   5.1204785e+00   1.0128559e+01  -2.8114904e+00
  -2.9373909e+00   2.1010050e+00   7.6889705e+00
   9.6151392e+00   1.4039259e-01  -7.0105086e+00
   8.8297839e-01   3.1726092e+00   7.6807086e+00
  -2.8544660e+00   8.9161690e+00  -1.0359277e+01
   4.8525135e-01   8.1575450e+00  -4.7805058e+00
  -8.9215063e+00   9.6211196e+00  -3.9356138e+00
  -2.9388053e-01   8.0068155e+00   7.8714227e+00
   1.0794873e+01   6.8333475e+00   7.5430416e+00
   7.2344821e+00   9.1117495e+00   1.1535538e+01
  -3.8107642e+00   6.7813313e+00   7.3440195e+00
  -4.6683733e+00   8.9031740e+00   6.9992891e+00
   1.0796667e+01   3.2817272e+00   7.5391393e+00
   2.7651185e+00   9.3807011e+00  -4.4138567e+00
  -5.3939672e+00   1.9386543e+00   6.5544860e+00
   5.5789089e+00   3.7256832e+00  -2.0451205e+00
   4.0347829e+00   2.7552080e+00  -3.7450084e+00
   1.0809242e+01   9.0122936e+00  -5.4290152e+00
   2.0231492e+00   2.0902944e+00   7.3010231e+00
  -7.1426105e+00   1.4583006e+00  -7.2140625e+00
   1.1879426e+01   4.1926635e+00   5.4231020e+00
   1.1648398e+01   5.4065880e+00   5.5765335e+00
  -5.9757394e+00   6.7058613e+00  -8.5358473e+00
  -2.1955689e+00   2.1242445e+00  -1.0625101e+01
   2.6940023e+00   6.4545207e+00  -4.5335075e+00
   2.5175803e+00   4.0638404e+00   7.0526223e+00
   2.5494793e+00   7.5913889e+00  -1.0889007e+01
   6.3734609e+00   1.0553365e+01   1.4544627e+00
   1.1858723e+01   1.8124623e+00  -3.4643947e+00
  -9.4869284e+00   8.7017347e+00  -1.3427309e+00
   8.9345675e+00   1.1214437e-01  -7.7529717e+00
   6.3351344e+00   8.5147403e-02   7.1528398e-01
   3.8325989e+00   1.6802688e+00  -3.8830333e+00
  -9.2337487e+00   1.6340292e+00   1.5286668e+00
  -9.4323674e+00   1.0846283e+01  -2.5803561e+00
   3.1425642e+00   1.3390807e+00  -1.0870719e+01
   6.2342155e+00   7.4727744e+00   2.3512822e+00
   5.9281813e-01   9.9197624e+00  -1.1049607e+01
   1.1281283e+01   8.1466482e+00  -4.4675618e+00
   1.8987159e+00   1.8144379e-01  -4.6241742e+00
   4.6717368e+00   7.1863357e+00   1.3033958e+01
   3.1491585e+00   6.6858169e+00   1.3491898e+01
  -8.7843939e+00   4.8298445e+00  -4.5407368e+00
   3.0660594e+00   9.3866722e+00  -4.3829458e+00
  -9.0502946e-01   5.8758416e+00   8.0185240e+00
   1.0177302e+00   1.0668164e+01  -4.8636908e+00
   1.1674035e+01   4.4959391e+00  -3.7214933e+00
   6.2164371e+00   5.7649345e+00   2.5023172e+00
   5.8779683e+00   7.7543637e-01  -1.3103408e+00
   3.4243176e+00   9.9969971e+00  -1.0712321e+01
   2.7303437e+00   1.0097741e+01  -4.5496831e+00
   4.6819006e+00   1.0355748e+01   5.3410956e+00
  -9.6071143e+00   6.0781805e+00  -9.1709941e-01
   5.5703089e-01   5.2132016e+00   1.4004160e+01
   5.9238025e+00   9.5290597e+00  -1.2294110e+00
  -8.0290066e+00   1.0838555e+01   4.0818212e+00
  -6.0258776e+00   8.2297013e+00  -8.4938785e+00
   4.4835617e+00   6.3232624e+00  -3.4123622e+00
   3.0442298e+00   3.0718522e-01   6.7691012e+00
   5.6300900e+00   1.0936873e+01  -1.0074593e+01
  -8.8321141e+00   1.0386965e+01  -4.5615569e+00
   1.2584263e+01   9.1536976e+00   5.3464714e-01
  -7.4210308e+00   3.6560413e+00  -7.0252735e+00
   6.3348091e+00   8.6991128e+00   1.0234680e+00
  -4.8579161e+00   7.6690862e+00  -9.2873165e+00
   1.1518441e+01   9.8778661e-01   6.3618958e+00
  -9.3803158e+00   1.4095986e+00  -1.4606748e+00
  -3.9782744e+00   5.8068014e+00  -9.8795890e+00
  -9.4134446e+00   6.1434948e+00  -4.2976906e-01
   9.9843331e+00   3.2017845e+00   8.6790279e+00
  -5.8337284e+00   1.0581829e+01   6.2679152e+00
  -9.2263129e+00   1.5068142e+00  -3.1647824e+00
  -6.6220324e-01   3.4138274e+00   7.8549828e+00
   5.4527430e+00   6.7100066e+00  -2.0304943e+00
  -4.0182973e-01   9.5148231e-01  -1.0932580e+01
   7.7124123e+00   2.6232699e-01   1.1152446e+01
  -5.1309927e+00   1.1003466e+01  -9.1727116e+00
   1.2669850e+01   6.0459781e+00   1.2040928e+00
   5.9655176e+00   6.9970985e+00   3.1271406e+00
   1.0466656e+01   5.3805765e+00   8.0783536e+00
   5.0799939e-01   6.1330083e+00  -4.7730799e+00
   5.8471842e+00   6.1399119e-01   3.7412846e+00
   5.6777078e+00   8.7400954e+00  -1.8543414e+00
   1.0084228e+01   5.8055530e+00   8.5079587e+00
   9.9462208e+00   3.0887210e+00   8.8637268e+00
  -7.3939470e+00   1.9605670e-01  -7.0266554e+00
   4.1324337e+00   2.0424939e+00  -3.8685433e+00
   5.1582166e+00   3.5896500e+00  -2.6982085e+00
   9.9697488e+00   1.0854656e+01  -6.6424515e+00
   6.7978020e+00   9.8334544e+00  -9.5507520e+00
   4.0430386e+00   6.1837463e+00  -3.7483466e+00
  -1.7994535e+00   7.7939451e+00   7.8445560e+00
   1.0114040e+01   3.9946911e+00  -6.4454511e+00
   5.6668496e+00   2.2079537e+00  -1.8670211e+00
  -9.0728127e+00   8.2308218e+00  -3.4020025e+00
   8.7459384e+00   2.8148138e+00  -7.9006065e+00
   3.9038324e+00   7.3191187e+00   6.0997946e+00
  -8.2167458e+00   2.9927686e+00  -5.9822154e+00
  -8.9681920e+00   6.8509509e+00   1.9923576e+00
  -8.5813362e+00   8.7361694e+00  -5.1350021e+00
  -7.5681517e+00   4.6706560e+00   4.6401842e+00
   2.8529444e+00   9.5655544e-01  -1.0899605e+01
   5.3677754e+00   4.5917746e+00  -1.0108407e+01
   8.8417992e+00   7.7285576e+00  -7.8825751e+00
   1.6873271e+00   8.3113574e+00  -4.7617736e+00
   1.1991619e+00   5.9662450e+00  -1.1078358e+01
  -9.0157214e+00   8.8441185e+00   1.8523213e+00
   4.6197572e+00   9.8604165e+00  -3.2982052e+00
  -4.9497137e+00   9.2135390e+00  -9.3617417e+00
   1.2584057e+01   3.4555074e+00   5.9471602e-01
   6.9730473e+00   5.9275933e+00  -9.3735926e+00
   9.8637395e-01   6.4147324e+00   7.6468046e+00
   3.2133814e+00   1.0167844e+01  -4.3186626e+00
   1.7072524e+00   8.0943676e+00  -4.6858292e+00
  -8.4729826e+00   8.2109216e+00  -5.2653400e+00
   6.1183467e+00   2.2840842e+00  -3.3335072e-01
   4.1866165e+00   2.8403403e+00   6.0458499e+00
   5.4345428e+00   5.4287566e+00   4.1220829e+00
   8.8520329e-01   1.5960378e+00  -4.8430712e+00
   6.0783417e+00   6.8996778e+00  -8.6356630e-01
   1.6215993e+00   6.9398317e+00  -4.7774377e+00
   2.4236452e+00   5.7846731e+00   1.3801893e+01
  -2.1383685e+00   6.8693520e+00   7.8828401e+00
   1.2468609e+01   1.2885924e+00  -1.0275459e+00
  -5.8350971e+00   1.1087423e+01   6.2412294e+00
   4.9040450e+00   7.6237988e+00   5.1083383e+00
   5.4843342e+00   9.3559743e+00   4.2754911e+00
   1.0135412e+01   7.6388567e-01  -6.4533003e+00
   4.7552089e-01   2.0693814e+00  -1.1074945e+01
   4.1313519e+00   9.1755782e+00  -1.0572799e+01
   1.2566070e+01   7.6554685e+00   2.4622823e+00
  -9.4224315e+00   8.0065457e+00  -2.0549532e+00
  -7.6146995e+00   7.0496429e-01   4.5206683e+00
  -8.6712797e+00   3.3734100e+00  -4.7728292e+00
  -1.4917507e+00   7.6164954e+00  -1.0679210e+01
   1.1051896e+01   4.0675211e+00  -4.9774316e+00
   1.1218999e+01   1.0154058e+01   6.9194516e+00
   1.7078401e+00   5.1316364e+00   7.4266410e+00
   5.7485509e+00   1.2027844e+00  -1.8001195e+00
   8.3514802e+00   3.1600894e+00  -8.3454035e+00
  -9.3323292e+00   4.4601033e+00  -2.4236831e+00
   1.0875314e+01   2.0872363e+00  -5.4183001e+00
  -6.8345602e+00   4.4463633e+00   5.4910235e+00
   1.2609225e+01   9.4003894e+00   6.6127893e-01
  -9.1780918e+00   7.1809018e+00  -3.4155181e+00
   4.9646939e+00   6.1169243e+00   5.0432450e+00
   2.6690750e+00   4.8136314e+00  -4.5320304e+00
   4.2829154e+00   9.8648061e+00  -3.6406398e+00
   6.2995723e+00   5.2780531e+00   4.1987851e-01
  -7.4420376e+00   6.5029420e+00   4.8044178e+00
   1.2025753e+01   2.9015597e+00  -2.7240989e+00
   9.9753407e+00   2.6114848e+00   8.8561823e+00
  -7.5868569e+00   8.6441593e-02  -6.6523384e+00
   2.8563979e+00   9.9790723e+00   6.9171054e+00
  -1.4840909e+00   2.7048481e+00  -1.0721408e+01
  -2.7835143e+00   1.0625494e+01  -1.0364492e+01
  -9.4167258e+00   2.9217331e+00  -3.0001710e-01
   4.4914413e+00   8.5846516e+00   1.3095512e+01
   1.1970876e+01   7.2388576e+00  -3.0525287e+00
   8.2929870e+00   5.8572821e+00   1.0503507e+01
  -4.9211817e+00   1.9507051e+00  -9.2470003e+00
   2.3442634e+00   9.1067722e+00   1.3819260e+01
   5.0678599e+00   1.0487032e+01  -1.0295136e+01
   4.4497860e-01   1.7268072e+00  -4.8406573e+00
   3.0191620e+00   2.0369829e+00   6.7546001e+00
   1.2626653e+01   4.7151980e+00   1.0456412e+00
  -7.7263437e+00   5.9395288e-01   4.6170330e+00
   6.4269006e+00   4.9364414e-01   4.0483590e-01
   5.1024593e+00   1.0650907e+00  -2.7847418e+00
   1.1552460e+01   1.6077831e+00  -4.0743018e+00
  -1.8452368e+00   9.1699566e-01  -1.0642613e+01
  -9.4740658e+00   2.2021509e+00  -1.1078354e-01
   3.1671390e+00   7.2312653e+00   6.7502506e+00
  -3.0220759e+00   6.3295724e+00  -1.0317962e+01
  -2.6681216e+00   4.1188784e+00   7.8058482e+00
  -9.1034846e+00   8.6472227e+00  -3.6039385e+00
   9.3486611e+00   2.1498100e+00  -7.3321913e+00
   1.2565684e+01   5.4230011e+00   8.3181692e-01
   4.8265918e+00   2.5351454e+00  -3.2157124e+00
  -9.4221980e+00   7.6061237e+00  -1.0455174e+00
  -2.1551722e+00   7.6563370e+00  -1.0623301e+01
   6.1389569e+00   1.0335514e+01  -7.9325134e-01
   6.9384335e-02   1.7963830e+00  -4.6728914e+00
   4.2907391e+00   1.2812043e+00   1.3177877e+01
   1.1966547e+01   1.0376205e+01  -2.9215895e+00
   3.7884838e+00   1.2019019e+00   6.2019699e+00
   3.5197134e+00   1.0125536e+01   6.3725085e+00
   5.3046692e+00   8.5920609e+00  -2.4115090e+00
  -9.1490807e+00   1.9744289e+00   1.7031527e+00
   8.0525394e+00   9.1373923e+00   1.0835659e+01
   9.6194373e+00   2.7545000e-01   9.2342521e+00
   5.1910497e+00   6.1821986e+00   4.6624086e+00
  -4.7330036e+00   4.5865896e+00   6.9363673e+00
   3.8397982e+00   3.8487456e+00   1.3305833e+01
   3.8089273e+00   8.4936370e+00   6.2635306e+00
   7.5526099e+00   4.7116968e+00   1.1358578e+01
   9.8667885e+00   9.1023661e+00  -6.8189307e+00
   1.1499280e+01   7.0246793e-02   6.1114032e+00
   1.2099314e+01   5.7735938e+00   4.5661630e+00
   5.9774253e+00   6.9845305e+00  -1.1607502e+00
   1.1082118e+01   3.5267394e+00  -4.8913888e+00
   9.9964794e+00   9.3850015e+00   8.6744359e+00
   1.2567282e+01   7.4787418e+00   5.9450979e-01
   4.8090660e+00   1.8876909e+00  -1.0334674e+01
   1.7714787e+00   3.5886417e+00   7.3424680e+00
  -1.5302192e+00   1.3517876e+00   7.9846015e+00
   5.4661755e+00   6.3234078e+00   4.1905331e+00
   4.1095745e+00   9.4428522e+00  -3.6502190e+00
   6.2461237e+00   1.1069739e+01   1.7766419e+00
  -4.8447083e+00   6.0740707e+00  -9.4131198e+00
   8.1278651e+00   4.8212927e-01   1.0696842e+01
   2.5776673e+00   8.9795040e+00  -1.0931921e+01
  -8.3459945e+00   5.5244210e+00  -5.5863485e+00
   4.4738998e+00   1.6609199e+00   5.7273589e+00
  -9.3754887e+00   1.3895757e+00  -2.4580898e+00
   1.1839489e+01   8.4421782e+00  -3.3443549e+00
   2.6643922e+00   4.8330875e-01   6.9923122e+00
   6.3638754e+00   3.3315845e+00   1.0252814e+00
   8.6350939e-01   9.2561668e+00  -4.9046818e+00
   7.7588699e+00   6.9351591e+00  -8.7449342e+00
   1.8423431e+00   5.8985059e+00  -4.7556093e+00
  -7.1721902e+00   1.0008711e+01   5.2075796e+00
   1.2535676e+01   5.4708399e+00  -1.8334021e-01
   6.7309170e-01   5.0732144e+00  -4.7991739e+00
  -9.4730857e+00   1.0384404e+01  -8.4184507e-01
  -8.9859887e+00   3.2008944e-01   1.7620916e+00
   1.3963999e+00   6.4904830e+00  -4.8246300e+00
   6.4338199e-01   8.4503196e+00  -4.8120919e+00
   8.4549312e-02   6.1265529e+00   7.7788770e+00
   2.8506419e+00   2.0755182e+00  -4.4063316e+00
  -6.2433211e+00   4.1231298e+00  -8.2780414e+00
   1.1462985e+01   7.5516100e+00   6.2843041e+00
  -5.9514624e+00   8.5236754e+00   6.3101382e+00
   1.7623351e+00   3.9695722e+00  -4.6796309e+00
   3.6845303e+00   1.8467363e+00  -3.9438435e+00
   3.7865878e+00   1.5242868e+00  -3.9522625e+00
   1.2081764e+01   7.3421820e+00  -2.7546561e+00
   1.1681209e+01   8.5553123e+00  -3.7299497e+00
   8.3988078e-01   1.0935431e+01  -4.7349324e+00
   1.2317129e+01   7.9495970e+00   3.3562403e+00
   9.7535964e+00   8.3372976e+00   8.9234327e+00
  -5.0642698e+00   1.3743184e-01   6.7577136e+00
   3.1981122e+00   5.3992676e+00   6.6942945e+00
   1.2684463e+01   7.5816750e+00   1.1037369e+00
  -4.7758923e+00   4.5537704e-01  -9.3073183e+00
   5.8566847e+00   3.3155008e+00  -1.4979734e+00
   5.7797846e+00   5.3858002e+00   3.8078026e+00
   1.2656285e+01   7.6938279e+00   9.9678975e-01
   1.2572127e+01  -1.9607453e-02   1.2625376e+00
   6.0076400e+00   7.8586914e-01   3.2034210e+00
   1.2103491e+01   2.8418633e+00  -2.6261053e+00
  -9.1705379e+00   3.1455510e+00  -3.2359923e+00
  -5.2412190e+00   4.7905059e-01  -9.0735817e+00
  -9.4408172e+00   1.1534730e+00  -2.1794699e+00
  -2.6994686e+00   2.5039773e+00  -1.0343583e+01
   2.0171477e-01   1.0690193e+01  -4.7962219e+00
   1.1333074e+00   1.0891091e+01  -4.8831113e+00
   2.4539389e+00   7.0667254e+00  -1.0921819e+01
   6.3217928e+00   1.0445425e+01   3.4750906e-01
   2.7553063e+00   1.0761966e+01  -1.0867049e+01
   3.2837371e+00   9.6543524e+00   6.6699286e+00
   2.5603567e+00   1.0576679e+01  -4.5668250e+00
  -7.3416674e+00   4.1866927e+00  -7.1255086e+00
   2.6393809e+00   3.8287246e+00   6.9571511e+00
   7.7406393e-01   1.2294970e-01   7.6355590e+00
   4.2449705e+00   2.6333443e+00   1.3168505e+01
   6.2517522e+00   6.6300727e+00   1.8485215e+00
  -9.9022352e-01   2.5369359e+00   7.8861100e+00
   4.7038655e+00   7.1753017e+00  -3.1910027e+00
  -5.0544222e+00   5.0569552e+00   6.8377567e+00
   4.2594699e+00   4.1838802e+00  -3.6151485e+00
  -9.4491019e+00   1.8465917e+00  -5.4069319e-01
   7.7337253e+00   6.8799836e+00  -8.7937826e+00
   2.6797305e-01   9.3977151e+00  -4.8038056e+00
   4.1728557e+00   3.5182618e+00  -3.6381487e+00
   2.7081373e+00   8.5343250e+00  -4.5184077e+00
   1.1497629e+01   1.0108929e+01   6.0237494e+00
   1.9493263e+00   1.0455616e+01   1.3886819e+01
  -9.4290311e+00   2.5281655e+00  -1.8279457e+00
   6.3178604e+00   7.4299792e+00   1.9101218e+00
   7.9842401e+00   3.7157626e+00   1.0942598e+01
  -1.2223457e+00   7.6842789e+00  -1.0867992e+01
   1.1171061e+01   1.0587579e+01  -4.7200235e+00
  -9.5056411e+00   1.4360289e+00  -1.0257188e+00
   1.1100533e+01   5.7920120e+00  -5.0375959e+00
  -8.6122974e-02   3.2507238e+00   7.8666751e+00
   5.0664734e+00   1.8944845e+00  -2.7834222e+00
   1.0339584e+01   5.5858234e+00   8.2104628e+00
   1.1841719e-01   1.0399037e+00  -4.7589683e+00
   3.4595714e+00   9.4245907e+00  -4.2409376e+00
   5.6421096e+00   9.5509589e-01  -1.9209653e+00
   7.1655777e+00   1.2107263e+00   1.1550270e+01
   2.1246690e+00   2.3384496e+00   7.2257961e+00
   6.1509411e+00   4.7202580e+00   2.8661271e+00
   4.8039261e+00   9.7541324e+00   5.3115815e+00
   4.4860168e+00   9.9210762e+00  -3.4302550e+00
  -5.1656536e+00   6.8737662e+00   6.7802300e+00
   6.4628407e+00   8.4234103e+00  -9.4969803e+00
  -1.8183427e+00   9.1076911e+00  -1.0657040e+01
   4.9717274e+00   6.1581166e+00   5.0451532e+00
   5.7521658e+00   2.2689697e+00   3.7958224e+00
  -9.4267537e+00   3.3498863e+00   3.8386553e-01
   1.2248107e+01   4.6609944e+00   3.7005000e+00
  -3.1742122e+00   2.6562102e+00  -1.0225790e+01
   8.6858198e+00   7.9726428e-01  -7.9273225e+00
  -7.2997870e+00   9.0415731e+00   4.8744012e+00
  -5.0377894e+00   3.5525007e+00   6.8876198e+00
   5.7415246e+00   5.4164764e+00  -9.9815706e+00
  -3.0013108e+00   3.6030454e+00   7.6266565e+00
  -8.6721502e+00   7.6137082e+00  -4.6933736e+00
   3.7073017e+00   5.2533678e+00  -3.9095107e+00
  -6.4518773e+00   1.7287749e+00  -8.0456849e+00
   3.5585730e+00   9.2643449e+00   6.4182479e+00
   7.6862472e+00   4.9176840e+00  -8.8465793e+00
   2.4515636e+00   7.6282089e-02   7.1673010e+00
   8.8467258e+00   2.8534940e+00  -7.7354906e+00
   5.7347954e+00   1.1933291e+00   3.5591857e+00
   2.2123480e-01   4.9587450e-01  -4.7435543e+00
   5.7990153e+00   8.3529908e+00  -1.4681834e+00
   2.4979278e+00   6.9247944e+00   7.0148014e+00
   6.1913025e+00   2.9209628e+00   1.7543335e+00
  -8.8329113e+00   1.6587044e-01  -4.3023144e+00
   6.1835822e+00   8.1796772e+00   2.6995365e+00
   1.0398200e+01   3.2813390e+00  -5.9233665e+00
  -9.2066550e+00   7.7457061e+00   1.4560472e+00
  -2.7282600e+00   1.0296463e+01  -1.0358063e+01
   6.2385362e+00   3.2600634e+00   4.8855375e-02
   8.8119696e+00   6.1383690e+00   1.0176150e+01
   5.2217628e+00   2.0234659e+00  -1.0087341e+01
   6.1467739e+00   6.2868035e+00  -5.9327206e-01
   5.8556193e+00   9.1270692e+00  -9.8440755e+00
   6.3481166e+00   8.2934982e+00   1.1774628e+00
   1.2548189e+01   1.0496871e+01  -3.9397587e-01
   6.2403269e+00   6.0639773e+00   1.8120851e+00
   4.8388422e+00   7.2751472e+00   1.2848054e+01
  -8.8680095e+00   6.1304545e+00  -4.2667336e+00
   5.8428838e+00   1.1343088e+00   3.3567209e+00
   6.0925062e+00   4.8996596e+00   2.7827306e+00
  -3.7816942e+00   1.1857128e+00  -9.8601690e+00
  -3.3946513e+00   4.1039526e+00  -1.0136292e+01
   2.1716372e+00   7.6352030e+00   7.4034218e+00
   1.2259951e+01   4.4368205e+00  -1.9320984e+00
  -6.2840353e+00   1.0281512e+01   5.9716966e+00
   1.2227387e+01   4.7625344e+00  -2.1469072e+00
   4.3209460e+00   3.6462713e-01   5.7815132e+00
   2.1605522e+00   7.8211791e+00   1.3820722e+01
   1.2069723e+01   2.8298937e+00   4.6717551e+00
  -7.8267189e+00   2.7641656e+00   4.1956891e+00
  -2.1155227e-01   3.5492330e+00   7.7945562e+00
   1.2972838e+00   1.1205309e+00  -4.7967750e+00
   1.2194834e+00   7.4383945e+00   1.4043579e+01
   1.4369593e+00   9.4781605e+00  -1.1079175e+01
   6.3473957e+00   4.7136542e+00   1.4039991e+00
   2.0722622e+00   6.7381020e-02  -4.6597242e+00
   6.2755245e-01   9.5506085e+00  -4.8058408e+00
  -4.4582800e-01   2.4797886e+00  -1.0933475e+01
   4.9114094e+00   4.8154151e+00  -3.0765793e+00
   1.6121246e+00   2.6166223e+00   7.3755667e+00
   1.7109680e+00   6.3043652e-01   7.4341191e+00
   5.1766112e+00   5.8512499e+00  -2.5613770e+00
   6.4870950e+00   8.4434512e-01   1.1800152e+01
   3.0407726e+00   1.0720358e+00   1.3490188e+01
   1.0349267e+01   9.5327959e+00   8.1520778e+00
   1.1481615e+01   1.1234103e+00  -4.2758512e+00
   3.0397322e+00   6.1334651e+00  -4.3576114e+00
   5.3293112e+00   3.5550582e-01  -1.0226004e+01
  -8.2231889e+00   7.8712385e+00   3.7559931e+00
   6.1005459e+00   9.3306548e-01  -8.8268208e-01
  -2.0540909e+00   2.5899720e+00  -1.0584744e+01
   1.3923846e+00   8.4868407e+00  -4.7610885e+00
   8.6502942e+00   5.0106447e+00  -8.1444356e+00
   1.1357144e+01   1.0444163e+00   6.5754696e+00
   5.0643980e-01   3.0510286e+00  -4.7996214e+00
   4.4048544e-01   3.2526481e+00   7.8257435e+00
   1.2574564e+01   4.5770487e+00  -6.3707803e-01
   4.9490220e+00   5.1187637e+00  -2.7649567e+00
   1.1468599e+00   2.7983892e+00  -4.8328136e+00
   1.2131706e+01   9.1480529e+00  -2.2013066e+00
   4.9961226e+00   2.2687769e+00   4.8855920e+00
   5.0458851e+00   6.2964908e-01   4.9499434e+00
   6.2111459e+00   6.8627876e+00  -4.7067133e-01
   3.7821874e+00   6.9145856e+00   6.3679017e+00
  -6.8582862e+00   9.6946745e-01   5.5197148e+00
   4.6833847e+00   9.9862258e+00   5.4539258e+00
  -2.5451519e+00   7.3876468e+00   7.7606214e+00
  -1.1529117e+00   5.3563227e+00   7.9689912e+00
   4.3456642e-02   4.0981105e+00   7.8280206e+00
   2.1861264e+00   6.1892115e+00   7.2875877e+00
   1.2594434e+00   1.2498220e+00   7.5800181e+00
   3.9580168e+00   8.1370469e+00   6.0041671e+00
   1.0590587e+01   9.5782489e+00   7.7486417e+00
   4.2074591e+00   9.4764769e-01   1.3218260e+01
   1.0827309e+01   6.6727158e+00   7.4600689e+00
  -3.0942974e+00   9.8951682e+00   7.7016536e+00
  -1.8661334e+00   8.6104340e+00  -1.0658657e+01
   1.5990772e+00   1.0741543e+01   7.5574633e+00
   1.2115171e+01   9.6314029e+00  -2.7217005e+00
   1.1823679e+01   2.5345246e+00  -3.3428967e+00
   1.1353375e+01   3.2392125e+00  -4.3064470e+00
   5.0760512e+00   9.9652203e+00  -2.9740473e+00
   1.2153143e+01   5.2748526e+00  -2.4857094e+00
   1.0462532e+01   4.3858779e+00  -5.8826940e+00
   1.1475931e+01   7.8024781e+00   6.1025322e+00
   8.3079535e-01   3.3803764e+00   7.7368932e+00
   4.8289588e+00   4.7371774e+00  -3.0226429e+00
   6.2080072e+00   4.9594636e+00  -3.4731457e-01
   5.9166622e-01   1.7740711e+00  -1.1065833e+01
   4.9288066e+00   7.0593768e-01  -1.0251572e+01
   5.4427080e+00   7.3925821e+00   4.3672867e+00
   1.1919371e+01   7.2979080e-01  -3.2063366e+00
   9.2898299e+00   2.4745284e+00   9.5215639e+00
   2.0427886e+00   8.8219666e+00   1.3837934e+01
   4.5327630e-01   5.9027835e+00   1.4170469e+01
  -9.4720575e+00   4.0313423e+00  -1.5063214e+00
   3.4514602e+00   3.8722793e+00  -1.0665247e+01
   3.6079431e+00   8.7173311e-01  -4.0220847e+00
   1.0537834e+01   4.5418057e-01   7.9624346e+00
   1.2202670e+01   2.1291427e+00  -2.3331910e+00
  -1.9079244e+00   5.2800440e+00   7.8776926e+00
   3.1398263e+00   9.3996874e+00   1.3544213e+01
  -3.9579985e+00   6.7515964e+00   7.3583170e+00
   6.9059949e-01   3.6129686e+00  -4.7804103e+00
   8.7152357e-01   5.2717623e+00  -4.7942932e+00
  -8.9595686e+00   3.1407128e+00  -4.0153553e+00
  -7.6591516e+00   4.4926443e-02   4.4874105e+00
   1.1726140e+00   1.1035515e+00  -4.7322636e+00
  -2.7484954e+00   3.6110788e-01   7.6370773e+00
  -6.3740641e+00   3.6109551e-01   5.8498101e+00
  -5.2873025e+00   7.8107469e+00   6.6644882e+00
   2.7047685e-01   6.5371588e+00   1.4071786e+01
   6.1455250e+00   6.3409538e-01  -6.2402578e-01
  -7.3325031e+00   6.7132141e+00   4.8983268e+00
   4.0545487e+00   5.1104503e-01   5.9289353e+00
   4.0519409e+00   6.1810168e+00   1.3138812e+01
  -6.8309330e+00   2.9159407e+00  -7.6660589e+00
   3.9828395e+00   9.4134973e+00  -1.0657376e+01
  -1.7018016e+00   2.6069189e+00  -1.0772230e+01
   8.7712202e+00   8.6759470e+00  -7.8552459e+00
   1.1470220e+01   1.0135273e+01   6.1142165e+00
   4.8510531e+00   5.0539004e+00   5.1287879e+00
   5.7657530e+00   7.8926213e+00   3.8588900e+00
  -5.9403156e+00   8.3323090e+00  -8.5863638e+00
   5.6223149e+00   4.0018363e+00   4.2385679e+00
   6.5895036e+00   7.5350095e+00  -9.5876931e+00
  -3.8292369e-01   9.4774920e+00  -1.0917905e+01
   5.3612924e+00   6.0492067e+00   4.3839128e+00
   6.4125256e+00   4.5616855e-01   1.1672894e+00
   1.4824586e+00   7.0712322e+00   7.4824144e+00
  -2.3866431e+00   1.0794558e+01   7.7361182e+00
  -6.7066319e+00   3.9601856e+00  -7.6780127e+00
   9.1187937e+00   1.8789204e+00  -7.6365532e+00
   8.0670950e-01   3.0247622e+00   7.6482261e+00
  -9.4991831e+00   9.1827606e+00  -2.0760216e-01
  -7.2438083e+00   1.9439978e+00  -7.2605699e+00
   4.2204766e+00   1.7735913e-01   5.8741182e+00
   4.9339033e+00   2.2098041e+00  -1.0276400e+01
  -8.2970537e+00   3.2365400e+00   3.5452821e+00
  -1.6391164e+00   2.0619545e+00  -1.0732704e+01
  -9.4991328e+00   9.6941721e-01  -2.3661882e-01
  -7.0592313e+00   6.8492228e+00   5.3529418e+00
   5.3170296e+00   3.5527022e+00  -1.0207146e+01
   5.1894446e-01   4.3468137e+00  -4.7920799e+00
   3.7814418e+00   7.0551407e+00  -3.9580337e+00
  -7.6809179e+00   5.7045011e+00  -6.6352259e+00
   1.2126399e+01   5.9948851e+00  -2.3042356e+00
  -8.3257957e+00   2.9809945e+00  -5.5891565e+00
  -5.7980019e+00   6.0568299e+00  -8.6440371e+00
   5.9538609e+00   3.4194369e+00   3.2679601e+00
   9.1699538e+00   6.8753480e+00   9.6869463e+00
   6.1071049e+00   1.0605267e+01   2.4150188e+00
   2.3204049e+00   8.4983919e+00  -1.1045879e+01
  -3.1648936e+00   5.5177006e+00   7.6850770e+00
   6.0843060e+00   2.0950299e+00   2.7951453e+00
   1.2384090e+01   7.1484069e-01  -1.4621395e+00
   5.1147287e+00   1.0806220e+01  -2.7552772e+00
   1.0110777e+01   8.1634543e+00  -6.5163282e+00
  -9.1283337e+00   8.1849924e+00   1.4417373e+00
   6.2824457e+00   7.2885676e+00   1.2190664e+01
  -8.8584353e+00   8.4436942e-01  -4.3708113e+00
  -9.4552441e+00   8.4139624e+00  -2.2211640e+00
   1.1913944e+01   1.0518565e+01   4.8820190e+00
  -2.0741609e+00   2.3931249e+00  -1.0615326e+01
   3.0891459e-01   4.7300675e+00   7.8386251e+00
   5.5601893e-01   2.1624164e+00  -4.8183600e+00
   5.7258959e+00   9.8429223e+00  -1.6775311e+00
   9.9479340e+00   6.0466519e+00  -6.6738561e+00
   1.2603240e+01   1.0897949e+01  -3.9382498e-02
  -1.9746054e-01   2.4434981e+00  -1.1040893e+01
  -7.6672587e+00   8.5844540e+00  -6.6217693e+00
   1.0071120e+01   2.2350083e+00   8.7116204e+00
   4.9447002e+00   3.4535567e+00  -1.0295019e+01
  -9.1400759e+00   2.4994984e+00   1.5650042e+00
   4.3097402e+00   2.3883314e+00  -1.0492408e+01
  -2.6380439e+00   8.4817772e+00  -1.0351969e+01
   1.1762618e+00   7.7503202e+00  -4.8032876e+00
   1.1789960e+01   2.7113307e+00  -3.4565816e+00
   8.0015927e+00   4.5689891e+00  -8.6520478e+00
  -4.1469657e+00   6.6654082e+00   7.3912378e+00
  -6.9912349e+00   7.1938274e-01  -7.4738589e+00
   5.4857350e+00   2.9613053e+00   4.1436694e+00
   1.4783692e+00   9.7950071e+00   1.3985008e+01
  -6.8606300e+00   1.0939953e+01  -7.5913377e+00
   6.2756073e+00   8.2047156e-01   2.0008078e+00
   1.3450614e+00   2.1368360e+00   1.3967003e+01
   1.2544983e+01   2.4515899e+00   2.4155178e+00
  -7.8299268e-01   5.1763847e+00   7.8842365e+00
  -1.0166960e+00   1.8329628e+00  -1.0865102e+01
   7.9056733e+00   1.0904204e+01   1.0948716e+01
  -8.4877263e+00   1.4605035e+00  -5.2913005e+00
  -4.8058743e+00   5.7156585e+00  -9.4147648e+00
  -8.7181572e+00   3.6835109e+00   2.5563016e+00
   7.8776548e-01   6.5515374e+00   1.4085732e+01
   7.9930287e+00   2.1622780e+00   1.0860822e+01
   1.2783756e+00   3.2984779e+00  -4.8310443e+00
  -7.9233650e+00   6.8494786e+00   4.1673451e+00
  -4.7741600e-01   5.8202280e+00   7.8522772e+00
   6.2063432e+00   8.5230292e+00  -5.7655114e-01
   2.6214705e+00   4.8854937e+00   7.0966187e+00
   5.2965556e+00   4.3153736e+00  -1.0283622e+01
  -9.2857796e+00   1.2832513e+00   1.0768313e+00
   1.8162640e+00   3.3314837e+00   7.4241295e+00
   9.1817210e+00   1.0801483e+01   9.6809557e+00
   3.0387123e+00   8.3771725e-01  -1.0794113e+01
   3.7116635e+00   2.4671291e+00   6.2509073e+00
   1.1363803e+01   1.1357916e+00  -4.4989019e+00
   1.7575995e-01   8.0643036e+00   1.4077690e+01
   3.9003273e+00   5.1438291e+00  -1.0599099e+01
  -8.8212447e+00   3.6011458e+00   2.1980582e+00
   1.1441038e+01   3.0448793e+00  -4.2908390e+00
  -9.3015641e+00   7.7706682e+00  -2.7469345e+00
  -7.6324942e+00   6.0008382e+00  -6.4702227e+00
   4.2741591e+00   7.8551348e+00   1.3078220e+01
   7.0969365e+00   5.3025644e+00   1.1631944e+01
  -6.8277181e+00   6.0665516e-01  -7.6553701e+00
   5.7126013e+00   1.8504714e+00   3.8830733e+00
  -9.2907883e+00   6.2673074e+00   3.6449734e-01
  -7.2678562e+00   5.4804853e+00   5.0166840e+00
   1.4103108e-01   7.5514931e-03   7.8109678e+00
  -5.8822185e+00   4.3535824e+00  -8.6766549e+00
   4.4205657e+00   5.9577347e+00  -3.5188309e+00
   5.1408762e+00   2.4661159e+00  -2.7586205e+00
   3.8955224e+00   2.4402990e+00   1.3205914e+01
   5.9170887e+00   9.0883850e+00   1.2386559e+01
  -3.4789978e+00   7.9039636e+00   7.4509068e+00
   1.5829109e+00   2.0854298e-01   1.3844949e+01
   5.3330505e+00   6.8127179e+00  -1.0217239e+01
   8.8297059e+00   1.0790773e+01   1.0186377e+01
   4.7925709e-02   2.2497243e+00   7.8549364e+00
   1.2649244e+01   7.8591749e+00   1.0464290e+00
  -5.7379460e+00   9.4971936e-01  -8.7468161e+00
   1.2601863e+01   4.7327865e-01   1.0001756e+00
   4.0370842e+00   5.5131064e+00  -3.8246943e+00
  -1.3002425e+00   1.7381150e-01   7.9238791e+00
  -6.9350196e+00   6.6289146e+00   5.4815919e+00
   1.1815769e+01   4.7860091e+00  -3.5356487e+00
   5.3222259e+00   3.6106670e+00   4.6079186e+00
   2.0275606e-01   8.7079983e+00  -4.7032462e+00
  -4.2715577e+00   8.9648063e+00   7.3927526e+00
   9.0299445e+00   3.9462331e+00   9.9428466e+00
   6.0736982e+00   5.4054695e+00  -8.7554602e-01
   8.3200648e+00   6.1932111e+00  -8.3451971e+00
   6.5257204e+00   9.1399314e+00   1.1968273e+01
   5.0484429e+00   3.1513975e+00   5.0117159e+00
   6.1352536e+00   2.5145832e+00  -5.2299617e-01
  -6.9131280e-01   8.6730123e+00   7.9042800e+00
   2.7872961e+00   1.9520783e+00   6.9031812e+00
   4.0300611e+00   6.8337104e-01   6.0442036e+00
  -8.8731537e+00   1.0801083e+01   2.1669088e+00
  -8.5047248e+00   6.0085201e+00  -5.1834395e+00
   2.4876289e-01   2.7198820e+00  -4.7727340e+00
   1.2618946e+01   1.0285738e+01   1.2076398e+00
   5.6896418e+00   7.2261961e+00  -1.6404672e+00
   9.3268537e+00   8.7009189e+00  -7.3678493e+00
   3.8714491e+00   1.0882711e+01  -3.9961253e+00
   9.4682110e+00   1.0372501e+01  -7.3295029e+00
  -2.3029486e+00   1.2673648e+00   7.7493956e+00
   5.3220196e+00   3.4633998e+00   4.4563910e+00
   8.9837548e+00   6.3485598e+00  -7.5779882e+00
   2.6180053e+00   5.2577876e+00  -4.5395894e+00
  -7.9599030e+00   6.6777154e+00   4.1300372e+00
   1.0592988e+01   7.7790753e+00   7.8435126e+00
   1.0208275e+01   3.6245398e+00   8.5455303e+00
  -8.7379805e+00   1.0674340e+01   2.5955479e+00
   1.2598397e+01   1.0378857e+01  -2.8587950e-01
   1.2238475e-01  -1.8301731e-02  -1.0994527e+01
   4.4088026e+00   5.1849434e+00   5.5233900e+00
  -1.8267278e+00   7.4770259e+00   7.8512834e+00
   8.4339746e+00   6.4278239e+00   1.0457760e+01
   1.1669876e+01   1.0805654e+01   5.7333779e+00
   5.3467767e+00   8.4497820e+00   1.2563285e+01
   5.9250563e+00   3.0225292e+00   3.3153062e+00
   6.0414048e+00   5.1575962e+00  -9.6049841e-01
   5.4945550e+00   3.6397840e+00  -2.4760474e+00
  -8.9640504e+00   6.4089821e+00   1.7870846e+00
   4.7098286e+00   6.7236632e+00   5.2996898e+00
   6.5316810e+00   1.4113304e+00   1.1863128e+01
  -9.3123673e+00   5.7659357e+00   8.2214392e-01
   5.6493537e+00   3.1939084e+00  -1.0038550e+01
   5.2935790e-01   6.3619202e+00   1.4032233e+01
  -7.2345552e+00   3.9557021e+00   5.0721732e+00
   9.6573321e-01   4.2525459e+00  -4.8230180e+00
   6.9704820e-01   3.9464661e-01  -4.8079811e+00
  -8.8464420e+00   5.9275262e+00   2.4238341e+00
  -2.8472612e+00   7.8004980e-01  -1.0396448e+01
   4.7573029e+00   6.2937042e-01  -3.1591678e+00
   5.9220572e+00   3.4880866e+00   3.2607366e+00
   7.0165773e+00   5.9338867e+00  -9.3599644e+00
   4.8225310e+00   2.7839050e+00  -1.0314817e+01
   4.9895048e+00   4.9725181e+00   1.2702305e+01
   6.7400999e+00   3.9716363e+00  -9.4887169e+00
   1.2608571e+01   4.3579435e+00   8.8569722e-01
  -6.4711500e+00   5.2554779e+00  -8.0379078e+00
   1.6284453e+00   4.0290681e+00  -1.1034128e+01
   4.6424422e+00   1.0170355e+01  -1.0457736e+01
   6.2938074e+00   7.0446392e+00   5.0499155e-01
  -3.6660378e+00   3.1986063e+00   7.4330649e+00
  -4.8413635e+00   1.5917478e+00   6.9347838e+00
  -4.0222490e+00   4.4314436e+00   7.3315379e+00
   6.3420654e+00   9.8428500e+00   1.2646137e+00
  -6.5335883e+00   1.3677975e+00   5.7563391e+00
   7.3042560e+00   1.9699779e+00  -9.0993301e+00
   1.3477197e+00   5.6203032e-01   1.3969258e+01
   3.2497670e+00   8.0044894e+00  -4.1687227e+00
   1.2587433e+01   4.5222613e+00   2.2906506e+00
   1.0890351e+01   7.4123999e+00  -5.3899300e+00
  -8.9513358e+00   6.3447522e+00   1.7721422e+00
   2.5308569e+00   4.7695200e+00   7.1089914e+00
  -9.1456421e+00   4.8115037e+00   1.5182036e+00
  -4.5140658e+00   9.4421905e+00   7.1077087e+00
   1.0666810e+01   7.0524124e+00   7.6730563e+00
   3.5517633e+00   7.0970200e-01   6.4407391e+00
   4.3766004e+00   3.7018065e-01  -3.5306838e+00
  -9.5274969e+00   8.3624131e+00  -4.4662480e-01
   6.3801983e+00   1.0093960e+01   7.1598105e-01
   5.6444149e+00   4.9262925e+00   3.9668441e+00
   3.3176779e+00   9.9383567e+00  -1.0735296e+01
   1.1433624e+01   5.8175044e+00   6.1387828e+00
   1.0912784e+01   2.0427266e+00   7.3424525e+00
   1.1990938e+01   8.4939109e-01  -3.0586128e+00
   1.0943962e+01   3.7488744e+00  -5.2372133e+00
   1.2109849e+01   4.7761642e+00  -2.5174141e+00
   6.3097155e-01   8.7018364e+00   7.8181951e+00
  -4.4489205e+00   2.0984003e+00  -9.5626191e+00
   6.3591618e+00   6.2284622e+00   8.4324035e-01
   1.2640154e+01   1.7359125e-01   2.3135380e+00
   5.2816445e+00   9.6165929e+00   1.2547809e+01
   4.9426935e+00   2.9497381e+00   5.2102054e+00
   3.2372230e+00   9.4973440e+00  -4.2270942e+00
   6.4878351e+00   6.4333735e+00  -9.5888241e+00
   9.3116391e+00   4.1218195e+00   9.4592720e+00
   1.2583929e+01   1.6702150e+00   1.2038852e+00
   5.8188428e-01   7.2433380e+00  -4.7651266e+00
  -7.0911211e+00   1.7550723e+00   5.2738018e+00
  -4.6729302e+00   4.3541828e+00   7.0437061e+00
  -6.4458140e+00   2.9624214e+00   5.9252309e+00
   5.8140079e+00   6.8972211e+00  -1.5520891e+00
   9.3444480e+00   7.9240969e+00  -7.4339912e+00
   2.7198089e+00   8.3088876e+00  -1.0943024e+01
  -5.1389205e+00   1.0078153e+01  -9.0810217e+00
   8.3724488e+00   5.7238429e-02   1.0563886e+01
   5.0473052e+00   7.7153473e+00  -1.0314986e+01
   7.1522661e-01   5.4374857e+00   7.7575664e+00
   1.2219276e+01   8.6254272e+00  -1.9902986e+00
   6.4961005e+00   2.7421809e+00   1.1925943e+01
   6.2968213e+00   7.1397878e+00  -3.0984477e-01
  -9.3230294e+00   9.0190818e-01  -2.6924320e+00
   1.0484974e+01   2.7066934e+00  -5.9150928e+00
  -1.8569806e+00   1.0053717e+01   7.7831377e+00
  -2.6429344e+00   6.5341282e+00   7.7806181e+00
   3.6436959e+00   2.5149308e-01  -1.0679386e+01
  -8.8022083e+00   7.9358926e+00  -4.7186307e+00
  -4.2358003e+00   2.5363203e+00  -9.6043263e+00
   6.2049839e+00   8.2700803e+00   2.3728328e+00
  -2.3597805e+00   7.0373110e+00  -1.0561777e+01
  -9.4163596e+00   8.2566080e+00   2.2714972e-01
  -1.0054566e+00   9.6657760e+00  -1.0926800e+01
   2.7755302e+00   2.2618676e+00   6.9084670e+00
   5.8248769e+00   6.4491488e+00  -1.4392296e+00
   1.2548847e+01   2.0526156e+00   3.2750175e-01
   5.0216825e+00   2.9661865e+00  -2.8024482e+00
   5.0320480e+00   8.1878777e+00  -2.8649776e+00
  -8.3904662e+00   1.0714687e+01   3.3633730e+00
  -6.0649569e+00   5.1736675e+00   6.1380514e+00
   6.7699814e+00   4.0733814e+00   1.1903735e+01
  -5.8439474e+00   5.6875231e+00   6.2600060e+00
   5.6205605e-01   1.0737597e+01   7.7314128e+00
   8.4319870e-01   3.0328546e+00   7.7059032e+00
   5.0454552e+00   4.8670216e+00   4.9711077e+00
   7.3567475e+00   1.3648074e+00  -9.0054196e+00
   1.4227721e+00   8.6993117e+00  -4.7778189e+00
  -1.8236414e+00   3.6817281e+00  -1.0625460e+01
   3.0293767e+00   5.8458755e+00  -4.4418632e+00
   5.3857618e+00   7.6446238e+00   4.4037728e+00
   4.2511920e+00   8.7851659e+00  -3.6563359e+00
   9.1878170e+00   2.0724787e+00  -7.4755111e+00
   6.0322170e+00   1.0618308e+01   2.9516693e+00
   1.4656110e+00   1.7155367e+00  -1.1047718e+01
  -8.9116789e+00   2.2684754e+00   2.1382445e+00
   8.2137633e+00   1.8462595e-01   1.0777991e+01
   6.2073939e+00   8.4222120e+00  -4.9544368e-01
  -9.1416765e+00   6.2893582e+00   1.6477848e+00
   4.1962623e+00   9.3084883e+00  -3.6235555e+00
   6.3996554e+00   1.7730195e+00   6.0946036e-01
   3.4468179e+00   5.9811057e+00  -4.1453303e+00
  -7.9403816e-01   6.5245199e+00   7.9216605e+00
   1.0789562e+00   6.4647774e+00  -1.1040448e+01
   3.6198478e+00   8.9960841e+00   6.3407600e+00
   1.6039720e+00   5.4959449e+00   7.4545130e+00
   2.4670809e+00   5.5985574e+00  -4.6577721e+00
   2.1289663e+00   1.5133685e+00   7.2092235e+00
   1.2450885e+01   2.1803458e+00   2.5097608e+00
  -8.0931279e+00   8.5861934e+00  -5.9629418e+00
   3.8105107e+00   1.0753319e+01   1.3368648e+01
   2.7767397e+00   4.8288667e+00  -1.0917946e+01
   5.7684030e+00   1.0193161e+01  -1.8406189e+00
   6.2042290e+00   7.5953591e+00  -3.9624236e-01
  -4.3804799e+00   6.9460378e-01   7.1502670e+00
   6.3508876e+00   5.5642824e+00   4.3129052e-01
   1.3190025e+00   5.6301526e+00  -4.8107943e+00
   5.6186820e+00   3.9938984e+00   3.8265618e+00
  -5.0579481e+00   8.5434776e+00   6.7794081e+00
  -9.5451424e+00   4.6656933e+00  -1.4470051e+00
   6.0957302e+00   9.3265872e+00   2.6845972e+00
   6.0797821e+00   6.9325001e+00  -6.9671926e-02
   2.5029352e+00   6.5822020e+00  -1.0970789e+01
   4.3278628e+00   6.5116618e-01  -3.5586521e+00
  -1.0787194e+00   9.2907514e+00   7.9192667e+00
   1.2020947e+01   4.6754128e+00  -2.7718922e+00
  -8.4470441e+00   8.0377706e+00   3.4525161e+00
  -3.9146168e+00   7.0511017e+00  -9.7890988e+00
   6.2463024e+00   5.9307455e+00   2.2989638e+00
   4.3236431e+00   8.8424288e+00  -3.5383949e+00
   3.1998688e+00   1.5555530e+00   1.3521702e+01
  -2.6223991e+00   4.1347006e+00   7.7834523e+00
  -7.6464232e+00   6.2593465e+00  -6.7503767e+00
   5.1311230e+00   1.9308457e-01   4.7857391e+00
   1.0790108e+00   7.0557245e+00   1.3957977e+01
  -8.0567681e+00   5.3648447e+00  -5.8486582e+00
  -9.4774592e+00   1.0553414e+00  -1.5495306e+00
   1.1755513e+01   2.1204229e+00   5.6831659e+00
   4.5494041e-01   8.8644006e+00  -4.8125464e+00
   6.4906275e+00   9.7660733e+00  -9.5859862e+00
   9.0486521e-01   8.3211515e+00   7.5760931e+00
  -1.6294080e+00   7.8111743e+00  -1.0737332e+01
   1.2427061e+01   4.6870053e+00  -8.4744595e-01
  -7.1769376e+00   1.0006020e+01   5.0682739e+00
   6.2107160e+00   9.8535679e+00  -5.8867728e-01
  -9.0077885e+00   9.9728029e+00   2.0309075e+00
   2.1335593e-01   4.3078146e+00   7.7717049e+00
   5.2823623e+00   6.0098166e-02   4.4340408e+00
  -5.5156204e+00   5.6738335e+00  -8.9512242e+00
   6.0742229e+00   7.7793916e-01   2.8974670e+00
  -9.1317706e+00   3.0255852e+00   1.3293972e+00
  -7.7036969e+00   7.4370717e+00   4.4067155e+00
  -2.4199652e+00   1.0447763e+01   7.8811848e+00
  -2.1814613e+00   9.3234905e+00   7.7679898e+00
   6.0359611e+00   1.7992864e+00   2.8310471e+00
  -2.6085469e+00   8.2476165e+00   7.6857807e+00
   6.1757371e+00   4.7623753e-01  -7.9263920e-01
   4.3949924e+00   3.3006315e+00  -1.0515473e+01
   1.2481811e+01   8.0400681e+00  -9.6559409e-01
   3.2649944e+00   1.0397850e+01   6.7498126e+00
   4.0407461e+00   1.0055080e+01  -1.0629411e+01
   6.9035026e+00   3.9704716e+00   1.1667997e+01
   5.6474834e+00   4.7195960e+00  -1.7053319e+00
  -9.2491907e+00   8.5631215e+00   7.7222556e-01
  -9.6714984e-01   9.8705738e+00  -1.0912098e+01
  -9.3784228e+00   6.1011979e+00  -2.0131707e+00
   5.6499021e+00   7.6092276e+00  -2.0795028e+00
  -5.1468297e+00   1.3855596e+00   6.7162245e+00
  -5.8956997e+00   1.9703303e+00   6.2360723e+00
  -6.9933837e+00   3.5095344e-01   5.3023916e+00
   5.2040897e+00   4.3427239e+00  -2.5417326e+00
   4.6367035e+00   8.9308585e+00   5.4472056e+00
  -8.7652276e+00   4.1285334e+00   2.4604662e+00
   1.1841188e+01   4.5811523e+00   5.4589097e+00
   1.0474119e+01   3.7301701e+00  -5.9295946e+00
   1.1443305e+01   5.2851201e+00  -4.2634184e+00
   2.2372434e-01   2.1817199e+00  -4.7213784e+00
   1.2460911e+01   2.7462495e+00   2.6106232e+00
   6.2943158e+00   7.8745939e+00   1.8654974e+00
   9.0641718e+00   9.8683803e+00   9.8134574e+00
   5.1164917e+00   4.3105120e+00  -2.6862780e+00
   4.6600503e+00   4.0158418e+00  -3.3747578e+00
  -6.0684409e+00   1.0078099e+01   6.1555130e+00
   1.2508452e+01   1.0160496e+01  -3.4343060e-01
  -8.1496599e-01   9.0834738e+00  -1.0887886e+01
   1.2622723e+01   8.4429200e+00   7.7746948e-01
   2.3946476e+00   6.6853738e+00   7.1369776e+00
   2.9501844e+00   9.0990428e+00   6.8952574e+00
   5.9913623e+00   7.7670092e+00   3.2430223e+00
   1.2076840e+01   6.3514939e+00   4.7801159e+00
   1.0102767e+00   7.1752307e-01   1.3938585e+01
   5.3127863e+00   4.8656611e-01  -2.2236446e+00
  -9.5438264e+00   7.0130180e+00  -1.4681188e+00
  -1.7893545e+00   2.5402190e+00   7.8037095e+00
   1.1306283e+01   9.4750966e-01  -4.4086853e+00
   1.1323000e+01   1.9383846e+00   6.3447778e+00
   1.2327357e+01   3.9673641e-01   3.4278273e+00
   1.2566527e+01   4.7281667e+00   2.0456779e+00
  -7.0848199e+00   6.5930805e-01   5.3229582e+00
   9.1158956e+00   1.0410670e+01  -7.5159464e+00
   2.8525263e+00   8.8447225e+00  -4.4739968e+00
   5.1333410e+00   4.4749771e+00   4.8523256e+00
  -6.3828325e+00   7.6828596e+00  -8.1287280e+00
   4.1497933e+00   1.0540492e+01   5.9352927e+00
   7.3122183e+00   8.8408346e-01   1.1499408e+01
  -5.0111136e+00   7.6752939e-01  -9.1432959e+00
   7.6257379e+00   6.4744890e+00   1.1141566e+01
   6.6347836e+00   3.0413946e+00   1.1884419e+01
  -5.9972302e+00   7.0278897e+00  -8.4237425e+00
   7.6379898e+00   6.4014725e+00   1.1184592e+01
  -7.7794119e+00   4.8875318e-01   4.3071092e+00
   1.9723616e+00   5.1645606e+00  -4.6756182e+00
   2.6663830e+00   5.9246576e+00  -4.5738179e+00
  -9.5766006e-01   2.5720727e+00   7.9591523e+00
   6.3442939e+00   1.0934304e+01   2.0392331e+00
   1.1108541e+01   9.8490601e+00   7.0079074e+00
   5.5266222e+00   5.7858688e+00  -2.1278205e+00
  -9.4218234e+00   1.2668552e+00  -1.4925938e+00
   1.7390518e+00   1.0209263e+01   1.3839135e+01
   1.1208672e+00   3.3466129e+00   1.3989678e+01
   6.2119070e+00   2.2417281e-01  -4.9699506e-01
  -5.9804089e+00   1.6977747e+00   6.1693237e+00
   2.1322714e+00   1.9045674e+00  -1.1045912e+01
  -1.7859735e+00   1.3008482e+00   7.8532490e+00
  -1.0205487e+00   1.7435245e+00  -1.0858571e+01
   6.3496962e+00   1.0281665e+00   3.3767178e-01
  -9.1747599e+00   5.7212008e+00   1.4184678e+00
   4.7637475e+00   9.3239075e+00   5.2725273e+00
   1.2411253e+01   3.7469400e+00   2.8930037e+00
   2.8020282e+00   8.1542513e+00  -4.5159894e+00
   3.1010775e+00   8.6937907e+00  -1.0843712e+01
   9.2370588e+00   9.4243571e+00  -7.4979977e+00
   5.5505198e+00   1.8805212e+00  -1.9554889e+00
   6.1423611e+00   4.1880638e+00  -5.5327414e-01
   1.2250103e+01   7.0006388e+00  -1.7854427e+00
   1.0959731e+01   1.4221657e+00   7.2860410e+00
   2.3721700e+00   6.5373712e+00   1.3777353e+01
   7.8563220e+00   9.7072236e+00  -8.7956379e+00
   1.0053327e+01   2.1159552e+00  -6.5691989e+00
   5.0345205e+00   6.7616285e-01   4.6715163e+00
   1.2582777e+01   6.0937019e+00   1.0525072e+00
   8.4662792e-01   8.8857411e+00  -4.8720046e+00
   5.8713852e+00   7.6891611e+00  -1.3162092e+00
  -2.2503778e+00   4.7192250e-01   7.8631064e+00
  -4.3855210e+00   8.1455049e+00   7.1605842e+00
  -7.3355625e+00   7.3329109e+00   5.1293424e+00
   1.2577900e+01   5.9341182e+00   1.8362729e+00
   4.6210266e+00   3.1216352e+00  -1.0437134e+01
  -8.0307792e+00   9.8415087e+00   4.0207712e+00
   7.1383967e+00   6.1024723e+00  -9.3032797e+00
   5.0295357e+00   1.2457168e+00  -2.8622563e+00
   4.0467643e+00   7.8442849e+00   6.0781894e+00
   5.2472427e+00   4.3290372e+00  -1.0168801e+01
   7.9610175e+00   4.1483507e+00   1.0907119e+01
  -7.4140834e+00   2.7933703e+00  -7.0679179e+00
   5.2385306e+00   1.0610533e+01   4.6327572e+00
   1.8816905e+00   5.9427655e+00  -1.0927385e+01
   9.5925457e+00   5.1328622e+00   9.2116901e+00
   1.9598928e+00   1.5477708e-01   7.3465673e+00
  -8.9193136e+00   6.3908512e+00   2.1082996e+00
   5.8225983e+00   7.7965652e+00  -1.5431017e+00
   1.2529372e+01   5.5329833e-01   1.0352661e+00
  -8.0719164e+00   1.0339606e+00  -5.9476664e+00
   1.4029157e+00   1.0026123e+01  -4.8364933e+00
   6.3548270e+00   1.1737412e+00   1.5644522e+00
   7.2557184e+00   5.9296275e+00   1.1339621e+01
  -1.6580261e+00   1.8926812e+00  -1.0686282e+01
   1.2885343e+00   8.7186158e+00  -4.8010138e+00
   1.1142831e+01   5.4877445e+00   7.0522557e+00
   5.9783890e-01   1.0693218e+01  -4.7886282e+00
   5.2052382e-01   7.1325515e+00  -4.7545496e+00
   1.4449609e-01   9.9623222e+00  -4.6698106e+00
   1.8981987e+00   4.2125940e-02  -4.6948279e+00
  -4.0270694e+00   1.0031113e+01   7.4512491e+00
   1.3994022e+00   4.7043314e+00   7.4929079e+00
   2.2822909e-02   2.8673863e+00   7.9994450e+00
  -7.8427640e+00   1.0802231e+01   4.1852202e+00
   2.3015229e+00   1.0415623e+01   1.3834900e+01
   1.2563613e+01   6.0648859e+00   1.7426862e-01
   1.2125512e+01   1.0132732e+01  -2.5172626e+00
   3.3495492e+00   2.6261843e+00  -1.0754469e+01
  -9.2816175e+00   9.5076574e+00   1.1485986e+00
  -8.3153562e+00   2.7791543e+00  -5.5596756e+00
   1.6255052e+00   8.6281823e+00  -4.7451995e+00
   5.4704206e+00   5.2685594e+00   4.3290904e+00
   5.6005088e+00   9.5632536e+00  -2.1012917e+00
   2.1840665e+00   6.3862075e-01  -1.0912325e+01
   6.1336122e+00   5.0048859e-01   2.9779997e+00
   1.2439257e+01   7.8860850e+00  -9.9113721e-01
   5.5026422e+00   1.9046874e+00   4.3025817e+00
   9.3616578e+00   8.1585770e-01   9.5078839e+00
   2.1050090e+00   7.0441569e+00   1.3758020e+01
  -9.3752190e+00   5.9623494e+00   6.4851263e-01
   1.1839567e+01   3.9584947e+00   5.0594461e+00
   6.2951157e+00   6.5441896e+00   1.9450847e+00
   4.0218577e+00   1.0330844e+01  -3.8083008e+00
   6.3849304e+00   4.1651071e+00  -9.6176704e+00
   4.8091045e+00   2.2802796e+00  -3.0590322e+00
   1.2186547e+01   2.3761138e+00  -2.2709062e+00
   1.0097517e+01   7.8868071e+00  -6.3831556e+00
   2.7306570e+00   2.9425604e+00  -4.5480634e+00
   5.8125105e+00   2.3363649e+00  -1.5045716e+00
  -2.9960497e+00   1.0038139e+01  -1.0335342e+01
  -3.4100779e+00   2.2849141e+00   7.5758473e+00
   3.3338810e+00   9.6902281e+00   6.5649875e+00
  -2.2097535e+00   9.4033514e+00   7.8332861e+00
   3.3115680e+00   3.4457654e+00   6.6197829e+00
   1.1597795e+01   8.1920061e+00   6.1546698e+00
   7.3883082e+00   1.0848289e+01   1.1391485e+01
   5.7515348e+00   1.0657352e+01  -9.9109979e+00
  -9.3968480e+00   8.5268669e+00  -1.8779757e+00
   7.0443409e+00   3.7827594e-01  -9.2145226e+00
   1.2234175e+01   5.8736604e+00   3.9274066e+00
   3.3118080e+00   2.2858582e+00  -4.2887706e+00
   5.3857738e+00   3.6747099e+00  -2.3754138e+00
   4.9248699e+00   7.2885824e+00  -2.8299828e+00
   5.6360809e+00   9.0082713e+00   3.9562335e+00
   1.2060765e+01   8.3172321e+00   4.6272800e+00
   1.0791953e+01   4.3329464e+00  -5.4661713e+00
   4.2298359e+00   5.5508451e-01   5.8996650e+00
   8.7962510e+00   5.2512657e-01  -7.9758254e+00
   4.7410718e+00   7.8820698e+00   1.2963743e+01
   6.6330812e+00   1.9601109e+00  -9.5052923e+00
  -7.0047410e+00   1.0910224e+01  -7.4004686e+00
   1.5165410e+00   7.7333225e+00  -1.0906377e+01
   5.4439023e+00   3.8986463e+00  -2.2037621e+00
   4.0921619e+00   4.6712689e+00   1.3155481e+01
   3.9504937e+00   3.4355731e+00  -3.8620421e+00
   2.0336571e+00   8.8986220e+00   7.3444311e+00
  -6.8300188e+00   4.7197009e+00  -7.7561870e+00
  -5.0124319e+00   7.8196023e+00  -9.1554547e+00
   6.0591166e+00   3.4379586e+00   2.5395488e+00
   3.7985425e+00   1.9973019e+00  -4.0067917e+00
  -1.5127601e+00   9.9796714e+00  -1.0740928e+01
   4.2851025e+00   8.4483486e-01   5.9192823e+00
   7.1287175e+00   9.4474708e+00  -9.1883474e+00
  -9.4631292e+00   9.7988954e-01  -1.5426880e+00
   6.2293395e+00   1.8614705e+00   2.2212052e+00
   1.1024309e+01   9.8021768e+00   7.1829406e+00
  -8.6648724e+00   4.4542690e-01  -4.8779147e+00
   1.0683059e+01   1.7146189e+00   7.8471685e+00
  -5.5907288e+00   3.3733420e+00  -8.9309209e+00
   5.3775530e+00   6.7296736e+00  -1.0195056e+01
   4.7969770e+00   3.4164090e+00   5.1692714e+00
   4.0031664e+00   5.5211625e+00  -1.0692200e+01
   2.9321979e+00   1.7067848e+00   6.7909551e+00
  -9.0038259e+00   1.0629907e+01   1.8130789e+00
   2.5765866e-01   4.8791902e+00  -4.7184006e+00
  -1.7985453e+00   7.8499582e+00   7.9492623e+00
   2.0950046e+00   2.4649405e+00  -4.6906265e+00
   5.9945240e+00   1.0283556e+01   3.2581316e+00
  -7.3991008e+00   7.8286277e+00   4.7138123e+00
   5.8842867e+00   7.3803640e+00  -1.4432298e+00
   5.4270946e+00   3.5651797e+00   1.2562369e+01
   4.0423021e+00   7.8972923e+00   5.9850863e+00
   6.3006888e+00   1.0156207e+01   1.6380431e+00
   9.9806675e+00   4.2531885e+00   8.5711481e+00
   4.2773669e+00   5.8212487e+00  -1.0620263e+01
   1.2185887e+01   6.8713838e+00   4.0345343e+00
   6.1737235e+00   5.7182687e+00   2.4496143e+00
   5.5432201e+00   6.5504436e+00   4.2952220e+00
   1.1586475e+01   2.5362329e+00   5.8680209e+00
   4.5359299e-01   5.5045157e+00   1.4052166e+01
   5.0511659e+00   8.2902877e+00   1.2848336e+01
  -9.4356918e+00   1.0836513e-01  -9.2923935e-02
  -3.9681374e+00   1.4339658e+00   7.3621947e+00
  -5.3249250e+00   1.6799243e+00   6.6973407e+00
   8.9363589e+00   1.0836750e+01  -7.8173525e+00
   5.5338324e+00   2.8031386e+00   4.1928523e+00
   1.0418656e+01   1.0346448e+01  -6.0053908e+00
  -2.5062239e+00   1.0463682e+01  -1.0486521e+01
  -8.1802610e+00   3.4616433e+00   3.6069734e+00
   4.5930550e+00   8.1762179e+00  -3.1667329e+00
  -8.7371393e+00   4.9160694e+00   2.5795702e+00
   8.1073739e+00   2.9618365e+00   1.0864408e+01
   8.0261448e+00   9.5383307e+00   1.0801032e+01
  -6.5983472e+00   2.7575605e+00  -7.9392770e+00
   1.2530389e+01   7.3738248e+00   6.3875548e-01
   1.8360701e+00   1.8088521e+00   7.4135691e+00
  -9.0993907e+00   4.3834856e+00  -3.6009629e+00
  -6.3739177e+00   7.5550118e+00  -8.2492603e+00
   1.1478000e+00   9.9933398e+00  -4.8404509e+00
   6.3259000e+00   4.3826691e+00   1.0489714e+00
   4.7907221e+00   4.5141714e-01  -3.0852493e+00
   8.0271581e+00   2.2750707e+00   1.0875217e+01
   1.8710043e+00   4.7841168e-01  -4.6915202e+00
   2.9198403e+00   4.8616074e+00   1.3661605e+01
   5.3543032e+00   1.6312368e+00   4.3982080e+00
   5.2608765e+00   4.5870821e+00  -2.4064164e+00
  -7.4848498e+00   3.5238610e+00   4.6864974e+00
   1.0660823e+01   1.7740893e+00  -5.6588997e+00
  -7.1577171e+00   5.6766240e-01   5.0430412e+00
   1.2043051e+01   2.1881322e+00   4.5015636e+00
   3.8378496e+00   5.0004460e+00   6.1406477e+00
  -8.8935445e+00   5.1332203e+00   2.1919019e+00
   1.0534676e+01   2.5294563e-01  -5.9094182e+00
   1.2550409e+01   7.8840171e+00   1.9837262e+00
  -8.3353284e+00   1.0598946e+01   3.5219699e+00
  -1.1302785e+00   1.8843209e+00  -1.0899233e+01
   1.0035945e+01   1.1539809e+00  -6.6063371e+00
  -3.5307262e+00   7.2707858e+00  -1.0019707e+01
   6.2557029e+00   4.6701692e+00   2.3887760e+00
   1.2508828e+01   3.4140484e+00   1.7113186e+00
   1.2584696e+01   1.8026136e+00   5.3928341e-01
  -5.7401825e+00   8.0872484e-02   6.3837512e+00
  -3.0621962e-01   4.7131024e+00  -1.1020342e+01
  -6.7741624e+00   1.0323481e+01   5.5367174e+00
  -7.4552830e+00   1.0658845e+01  -6.9704156e+00
  -9.3363270e+00   6.2727321e+00  -1.8210112e+00
   5.8649080e+00   4.6123704e+00  -1.7667763e+00
   7.1785112e+00   4.2764097e+00   1.1446912e+01
   5.8611577e+00   5.9880329e+00   3.6392665e+00
   1.1670237e+01   3.8049804e+00   5.8677018e+00
   5.2950828e+00   1.0494288e+01   4.6228686e+00
   5.4821379e+00   1.0161381e+01   4.4599117e+00
   2.5356244e+00   2.5324164e+00  -1.0948141e+01
   1.2094652e+01   3.9563334e+00   4.5163986e+00
   6.2760535e+00   6.1288649e+00   7.3708576e-01
  -8.0663553e+00   3.7925428e+00   4.0022329e+00
   6.4167813e+00   3.1268632e+00   1.1785427e+00
   2.0431810e+00   1.0505448e+01   1.3872331e+01
  -9.3052467e+00   1.7936056e+00   9.2972061e-01
   1.2445416e+01   8.1715743e+00  -5.2424928e-01
  -3.8551684e+00   9.4853788e+00   7.3698858e+00
   2.5001561e+00   6.5671580e+00  -4.5731345e+00
   2.8383368e+00   7.1735153e-03   6.8895659e+00
   7.0715585e+00   3.4595749e+00   1.1555450e+01
   6.5169492e-01   2.8103733e+00  -4.8113529e+00
   2.9980516e-01   7.7801667e+00  -1.1003455e+01
   3.0198680e+00   8.0989672e-01   1.3643733e+01
  -4.3290146e+00   5.7094096e+00   7.1409411e+00
   1.3915836e+00   7.9950513e+00   7.4900749e+00
   5.1169192e+00   1.0364251e+01   4.7842289e+00
  -4.6023380e+00   7.6053659e+00   7.0961895e+00
   6.1041269e+00   8.0868727e+00  -6.1159830e-01
   9.7311960e-01   5.3563881e+00   7.7332005e+00
  -9.4107991e+00   3.3903069e+00  -6.1751768e-01
  -9.0194038e+00   9.7263147e+00   2.1551240e+00
  -5.9225868e+00   4.2746247e-02  -8.4770681e+00
   1.2389331e+01   6.1125922e+00  -1.4274307e+00
   1.7637410e+00   4.7692459e+00   7.4631441e+00
   4.9176008e+00   6.0308530e+00   1.2846733e+01
   6.2208854e+00   7.4647431e+00  -5.3444033e-02
   9.7440470e+00   9.4492693e+00   9.1806229e+00
  -9.3535535e+00   3.4034925e-01   2.4119363e-01
  -2.9269378e+00   2.4395123e+00   7.6770095e+00
  -2.7912174e+00   1.7897837e+00   7.7372595e+00
   1.9229894e+00   3.8785952e+00   7.2845765e+00
  -6.4745342e+00   1.2175385e+00   5.8245539e+00
   1.1354279e-01   4.1712121e+00  -4.8092303e+00
   7.6652979e-01   2.1155164e+00  -4.7675314e+00
   4.6915067e+00   8.0876478e+00   5.4327029e+00
  -9.4884927e+00   5.4043842e+00  -1.6407423e+00
   6.2901637e+00   5.8013493e+00   1.6814711e+00
  -9.1503003e+00   3.0047180e+00   1.3081107e+00
  -7.3725495e+00   2.2003797e+00  -6.9875444e+00
  -6.6192140e+00   8.6353516e+00  -7.9442312e+00
   1.0744451e+01   1.9052111e+00  -5.6983422e+00
  -5.0602822e+00   7.4180103e+00  -9.1388457e+00
  -1.7428250e+00   9.7373033e+00  -1.0682982e+01
  -7.3008937e+00   6.8289791e-01  -7.0779903e+00
  -2.4070087e+00   1.0810175e+01   7.8161945e+00
   6.2885262e+00   1.0018373e+01   2.0655468e+00
  -2.3519643e+00   1.0059518e+01  -1.0556353e+01
   5.6774959e+00   4.4227260e+00   3.3160304e+00
  -7.4566233e+00   7.3035321e-01  -6.9789193e+00
   1.2531160e+01   7.8527020e+00   1.8589972e+00
  -8.4573578e+00   6.2763804e+00  -5.2811379e+00
   6.2381263e+00   8.1588930e+00  -1.8781556e-01
  -8.1818981e+00   2.7868301e+00  -5.9503040e+00
   1.2405391e+01   7.4925673e-01   3.1977179e+00
   6.3425098e+00   5.7783813e+00   1.4425828e+00
  -5.5060323e+00   7.2456411e+00  -8.8992998e+00
   7.1194343e-02   4.8835999e+00  -4.7045891e+00
  -6.1137234e+00   9.9862578e+00  -8.3561161e+00
   1.0246032e+01   9.2730272e+00   8.4610253e+00
   5.5182819e+00   6.8387873e-01  -2.1582780e+00
   4.7644079e+00   8.5845972e-02   5.2018537e+00
   9.4341005e+00   1.8914488e+00   9.3828552e+00
   6.2888458e+00   8.1390965e+00   2.2712613e+00
   6.6837569e+00   7.5925938e+00  -9.5272294e+00
  -8.0493742e+00   1.0696198e+01  -6.0711112e+00
   5.6489905e+00   7.4136592e+00   3.9593516e+00
   1.1362266e+01   5.5576138e-01  -4.4413377e+00
  -8.9140995e+00   7.5323157e+00   2.3176756e+00
   1.2566230e+01   1.0836727e+01   6.7721578e-01
  -9.2523732e+00   1.3197637e+00   1.2568440e+00
   1.0907294e+01   5.0442140e+00  -5.2202856e+00
  -5.0419302e+00   7.4814069e+00   6.8643814e+00
   1.2612476e+01   2.1337854e+00   1.7803636e+00
   1.1293098e+01   1.7557351e+00  -4.3677755e+00
  -8.8343871e+00   3.9923345e+00   2.6077058e+00
   5.7396520e+00   3.1743838e+00  -1.6686469e+00
   7.9565041e-01   7.0638294e+00  -4.7932750e+00
  -8.5022015e+00   2.0833541e-01  -5.4444609e+00
   6.3438539e+00   6.2837427e+00   5.3581265e-01
   3.9776489e+00   8.8870527e+00  -1.0685417e+01
   4.4920632e+00   9.3819962e+00  -3.3798454e+00
   6.0727568e+00   6.4181940e+00   2.8928128e+00
   3.6663709e+00   3.5275148e+00  -4.0314147e+00
  -3.5833549e+00   1.6107643e+00  -1.0030998e+01
  -9.5100167e+00   1.6215104e+00  -6.3298496e-01
   1.1712074e+01   5.2760893e+00   5.5436917e+00
   3.6959329e+00   6.6871466e+00   1.3331052e+01
   6.2591656e+00   4.1543723e+00   7.1548157e-01
  -6.6380782e+00   1.0793874e+01  -8.0176548e+00
   1.1544363e+01   1.0642324e+01   6.0499253e+00
   3.8638578e+00   4.0377962e+00   1.3352554e+01
   1.2263629e+01   8.7334014e-01   3.9811692e+00
   2.7616457e+00   6.3044552e+00   6.9399722e+00
   1.0992361e+01   5.9241646e+00   7.0376524e+00
   3.0691505e-01   1.0508468e+01   7.8575511e+00
  -2.4406519e+00   6.4097607e+00  -1.0487309e+01
   3.5795615e+00   3.6842054e+00  -1.0680658e+01
   2.9382200e+00   8.9495144e+00  -4.4497368e+00
   5.7954286e+00   3.4091235e+00  -1.6042866e+00
  -8.3434162e-01   9.3609225e+00   7.8633170e+00
   6.3259266e+00   6.2332844e+00   1.9068319e+00
   1.4826458e+00   5.0302730e+00  -4.7793271e+00
   1.0395501e+01   3.7518951e+00   8.0550762e+00
   3.8304917e+00   3.7448281e+00   6.2402516e+00
  -9.5221527e+00   1.7719529e+00  -1.1027021e+00
  -1.3113260e+00   4.4692942e+00   7.9259600e+00
   1.0210110e+01   8.5574890e+00   8.3334537e+00
   8.0837047e+00   4.9810712e+00   1.0823553e+01
   3.0866250e+00   6.4647599e+00   6.6866861e+00
   7.5911710e+00   1.0738704e+01  -8.9441986e+00
  -5.4975136e+00   2.8925755e+00   6.5894550e+00
   4.7463559e+00   1.0140197e+01   5.3771268e+00
  -2.5955435e+00   6.6387194e+00  -1.0519113e+01
   1.7199249e+00   6.3407603e+00  -4.7110405e+00
  -8.8295965e+00   1.0069434e+00  -4.3311065e+00
   4.4631085e+00   7.4913613e+00   1.3057131e+01
   2.1720412e+00   7.0386638e+00  -1.0979318e+01
   3.7509607e+00   6.8515750e+00   6.2949207e+00
   1.2654673e+00   7.2827898e+00   1.4003946e+01
   1.2018638e+01   7.0477620e+00  -2.6661853e+00
   2.4408230e-01   3.4030250e+00  -4.7522068e+00
   8.4377770e+00   1.4229246e+00  -8.1658022e+00
   9.8645120e+00   3.2424294e+00  -6.7370190e+00
  -5.3451315e+00   3.0852322e+00   6.7094279e+00
   1.0502846e+01   1.9468277e+00  -5.9504158e+00
   1.2231840e+01   7.5566864e-01  -1.8239357e+00
   5.6983532e+00   1.5587206e+00  -1.7793039e+00
   2.9707331e+00   1.4428682e+00  -4.4216100e+00
   1.2611669e+01   1.0073039e+01   3.1918107e-01
   5.1389868e+00   3.9766980e+00  -2.6214209e+00
   4.2909799e+00   5.0791542e+00  -1.0497533e+01
  -8.2940719e+00   8.4928574e+00   3.6698894e+00
   7.6220299e+00   6.9924773e+00   1.1180862e+01
  -9.1524448e+00   7.2567392e+00   1.5947588e+00
  -9.1289450e+00   8.4974731e+00   1.5590304e+00
   1.6534028e+00   1.1595136e+00  -1.1045853e+01
  -3.5923934e+00   8.9871597e-01   7.5621280e+00
  -2.9762206e+00   5.6712552e+00  -1.0297752e+01
   1.2173566e+01   1.0538876e+01   4.4964094e+00
  -3.0316917e+00   6.3909894e+00   7.6166444e+00
   1.8388156e+00   8.4860602e+00  -4.7798475e+00
   4.9012346e+00   2.1094692e+00   5.0611557e+00
   1.2106838e+01   4.3953219e-01   4.3674650e+00
  -2.6051226e+00   2.4785232e+00  -1.0469204e+01
  -4.4546594e+00   8.4501434e+00  -9.5677746e+00
  -5.1927260e-01   1.8629925e+00   7.9806883e+00
   1.1455653e+01   4.1149467e+00  -4.1593022e+00
   2.5792651e+00   1.0271541e+01   7.0992846e+00
   2.1675214e+00   1.0671475e+01  -4.6918259e+00
   3.2736167e+00   1.0537669e+01   1.3530319e+01
   6.2865546e+00   5.1899095e+00   1.4808208e+00
   6.1810429e+00   7.8555271e+00   2.5059713e+00
  -8.4074129e+00   4.7257897e+00  -5.3532140e+00
  -4.2343144e-01   1.9512029e+00   7.8860404e+00
   6.1348781e+00   6.7930782e+00  -9.7717403e+00
  -6.0273342e-01   3.2908705e+00  -1.0937433e+01
   3.9397872e+00   8.4392656e+00   1.3328181e+01
   1.2642372e+01   5.0820644e+00   1.6784133e+00
  -7.3463057e+00   1.0855739e+01   4.8276497e+00
   1.2231683e+01   8.3477027e+00   3.7232231e+00
  -1.8267333e+00   7.1775728e-01  -1.0705184e+01
   2.8035393e+00   8.1655791e+00  -1.0867922e+01
   4.1175336e+00   4.3929629e-01   1.3217657e+01
   5.2939263e+00   1.0068600e+01   4.6169224e+00
   1.0947077e+01   2.0404541e-01  -5.1640762e+00
  -2.4998783e+00   3.3439056e-01  -1.0515662e+01
   3.8886253e-02   7.3524825e-01  -1.1027073e+01
  -5.2296808e+00   4.9851038e+00   6.6658178e+00
   5.4393912e+00   1.5989350e+00  -2.2100503e+00
   1.2572031e+01   1.3883514e-01   4.0304660e-01
   6.2768575e+00   6.5172542e+00  -3.2774316e-02
  -4.4412400e+00   5.7614784e+00  -9.5288864e+00
  -9.3629613e+00   8.8342033e+00  -2.1153446e+00
  -1.8862411e+00   9.9048293e-01   7.9422872e+00
   5.0338601e+00   1.0263703e+00  -2.7380212e+00
  -5.8474878e-02   7.6018160e+00  -1.0938869e+01
   5.9440612e-01   1.0881041e+01  -1.1076415e+01
   1.0073643e+01   1.0895172e+01  -6.6657672e+00
   5.0107506e+00   1.5716988e+00   5.1199767e+00
   1.1760900e+01   4.8008209e+00   5.5630844e+00
   3.2954746e+00   7.1284950e+00   6.6942157e+00
   3.3123982e+00   8.7367106e+00  -1.0833346e+01
  -7.8139088e+00   5.6720601e-01  -6.5579980e+00
  -4.1938321e+00   4.6561217e+00   7.1665870e+00
   3.1748648e+00   3.5963861e-01   6.6454653e+00
   6.2470402e+00   9.0406005e+00   1.6882308e+00
  -2.0850283e-03   9.1915510e+00  -1.0967286e+01
   1.2389950e+01   1.0293371e+01  -1.5496843e+00
   1.5401828e+00   1.8594666e+00   7.6093280e+00
   3.4789454e+00   6.8597108e+00   6.4962730e+00
   6.4375525e+00   7.3051698e+00   1.0217387e+00
   1.2572747e+01   4.3192238e+00   1.7024447e+00
   3.4841985e+00   2.6388095e+00   1.3370844e+01
   6.1905723e+00   5.1634595e-01   2.6448761e+00
  -9.4096457e+00   2.8824722e+00   5.6138997e-02
  -7.9130757e+00   3.6926260e+00   4.2551400e+00
  -6.1409059e+00   9.1999915e+00  -8.3871337e+00
  -9.1655387e+00   5.5397731e-03   1.1135197e+00
   1.8701100e+00   5.3109320e+00   7.3464844e+00
   1.2529413e+01   1.0083903e+01   1.4271758e+00
   2.8534844e+00   5.1724011e-01   6.8511521e+00
   7.4317526e-01   7.6930230e+00   7.8120022e+00
  -4.1624601e+00   4.3573214e-01  -9.7354554e+00
   2.1178530e+00   1.4277414e+00   7.2704921e+00
   2.9075730e+00   1.9737494e+00   6.8975122e+00
  -9.3389256e+00   8.1076686e+00   5.8400302e-01
  -2.1912015e+00   1.0122992e+01  -1.0595094e+01
